# Davinci_Clibration Dialog:


1. Using Camera intrinsic matrix:

	[ INFO] [1486236154.277115430]: LEFT G_CM_l: [-0.002354835084762404, -0.9920443846157178, -0.1258665710351453, 0.04774318600814861;
	 0.9999067145725342, -0.0006424459602286589, -0.0136436584517862, 0.02242329228430199;
	 0.01345425228261999, -0.1258869580838694, 0.9919533541855209, -0.1767398968762469;
	 0, 0, 0, 1]
	[ INFO] [1486236154.277148554]: LEFT G_CM_r: [-0.003780626219776128, -0.9966360355353518, -0.08186769532460986, 0.02637144545191664;
	 0.9997340577481566, -0.005629401498942348, 0.02236344376811181, 0.01900050513130976;
	 -0.02274908006474398, -0.0817613754234878, 0.9963922705667015, -0.1802477589645119;
	 0, 0, 0, 1]

2. Peal off the Projection matrix:

	 [ INFO] [1486235058.848661663]: LEFT G_CM_l: [-0.005985576407716704, -0.9949273960203727, -0.1004173765998096, 0.05354265408870576;
	 0.9995956690727565, -0.00316162107187485, -0.02825778694779744, 0.03600478090324667;
	 0.02779696469142997, -0.1005459138917066, 0.9945440402282973, -0.1363223890272589;
	 0, 0, 0, 1]
	[ INFO] [1486235058.848700721]: LEFT G_CM_r: [-0.004286859505390253, -0.9978136296234688, -0.0659513712762697, 0.01921905028907961;
	 0.9999589655503642, -0.003751048429943693, -0.00824602032027752, 0.0301266709085052;
	 0.007980604678046246, -0.06598401452863824, 0.9977887651079549, -0.1363161378834271;
	 0, 0, 0, 1]

3. USING THE INVERSE:  Robust!!!

	Intrinsic matrix:

	[ INFO] [1486237090.600323517]: THE solvePnpCamBoard is : [0.9974599786543495, 0.006513186134778109, -0.07093073656207324, -0.007600532562794916;
	 2.437893940608268e-06, 0.9958074741287758, 0.09147390044883967, -0.06446299866429593;
	 0.07122914415406922, -0.09124172771074258, 0.9932780860098734, 0.2433194521381721;
	 0, 0, 0, 1]
	[ INFO] [1486237090.600357665]: THE G_CB is : [0.9974599786543494, 0.006513186134778123, -0.07093073656207324, -0.007600532562794915;
	 2.437893940623881e-06, 0.9958074741287773, 0.09147390044884018, -0.06446299866429578;
	 0.07122914415406924, -0.09124172771074224, 0.9932780860098738, 0.2433194521381722;
	 0, 0, 0, 1]
	[ INFO] [1486237090.600380730]: THE diffMat is : [-1.110223024625157e-16, 1.474514954580286e-17, 0, 8.673617379884035e-19;
	 1.561251128379126e-17, 1.554312234475219e-15, 5.134781488891349e-16, 1.52655665885959e-16;
	 1.387778780781446e-17, 3.469446951953614e-16, 3.33066907387547e-16, 1.110223024625157e-16;
	 0, 0, 0, 0]


	Projection matrix:

	[ INFO] [1486238442.233179325]: world_frame [0.9843298164352355, 0.02446014768748341, -0.1746325102942804, 0.1157929025846832;
	 -0.03751179360220597, 0.9967110754744367, -0.07183242559831388, 0.05574228995281547;
	 0.1723011254093279, 0.07725757698568017, 0.9820099739722508, -0.2710655928906907;
	 0, 0, 0, 1]
	[ INFO] [1486238442.233461218]: world_frame [0.9916288423930952, 0.01985163524904011, -0.1275858593734785, 0.1233603812452496;
	 -0.03043530704184826, 0.9962046923524421, -0.08154693752829985, 0.05550959674774251;
	 0.12548279172619, 0.08474741006611992, 0.9884694964781091, -0.271060973607161;
	 0, 0, 0, 1]
	[ INFO] [1486238442.233485002]: LEFT Camera Pose: [0.9843298164352355, -0.03751179360220597, 0.1723011254093279, -0.06518250655524725;
	 0.02446014768748341, 0.9967110754744367, 0.07725757698568017, -0.03744939835574075;
	 -0.1746325102942804, -0.07183242559831388, 0.9820099739722508, 0.2904144249676995;
	 0, 0, 0, 1]
	[ INFO] [1486238442.233503485]: RIGHT Camera Pose: [0.9916288423930952, -0.03043530704184826, 0.12548279172619, -0.08662477273436529;
	 0.01985163524904011, 0.9962046923524421, 0.08474741006611992, -0.03477611056014839;
	 -0.1275858593734785, -0.08154693752829985, 0.9884694964781091, 0.2882011819683609;
	 0, 0, 0, 1]


 4. ### Projection matrix:

	LEFT Camera Pose: [0.998117239076164, -0.008276531514369863, -0.06077397539298617, -0.004654509112020192;
	 0.008362178073229691, 0.9999643692744969, 0.001155058149709271, -0.02726364694933557;
	 0.06076225009697421, -0.00166108625581447, 0.9981508852651504, 0.26915328330699;
	 0, 0, 0, 1]

	[ INFO] [1486235058.848630248]: RIGHT Camera Pose: [0.9996282467638349, -0.007595872285213719, -0.02618532024032472, -0.02495391618128357;
	 0.008151459277180058, 0.999742522446617, 0.02117646154880578, -0.02494798840060411;
	 0.02601772441075723, -0.0213820377022934, 0.9994327823721731, 0.2721148300385147;
	 0, 0, 0, 1]


	[ INFO] [1486235115.664268017]: THE G_PB is : [0.07169530990038103, 0.3091513507508795, 0.9483065036512167, 0.2003495258115866;
	 0.9898103255243602, -0.1393209820647665, -0.02941400077971367, 0.01093103218288723;
	 0.1230256153150567, 0.9407524149771905, -0.3159898601077826, -0.8339874308009528;
	 0, 0, 0, 1]

	After Moved:

	[ INFO] [1486235250.519957062]: LEFT Camera Pose: [0.9963877919396352, -0.009520336127556145, -0.08438442553976695, 0.01260547241450159;
	 0.01456720092231287, 0.998128226956576, 0.05939561608242633, -0.04885891641139269;
	 0.08366101081714881, -0.06041031164081481, 0.9946614647791039, 0.2783017340192881;
	 0, 0, 0, 1]
	[ INFO] [1486235250.519983105]: RIGHT Camera Pose: [0.9978451739912877, -0.008414330024656988, -0.06507079062477143, -0.008406651754335139;
	 0.01437162169889805, 0.9956891837407854, 0.09163244988186318, -0.04646631010489755;
	 0.06401925672827237, -0.09237017068212315, 0.9936645743590313, 0.280051991151344;
	 0, 0, 0, 1]


	[ INFO] [1486235250.520080321]: THE G_PB is : [0.08314284536037427, 0.2779076659360334, 0.9570029239659442, 0.2007542876926994;
	 0.9887939808885511, -0.142491719600765, -0.04452609576179488, 0.03007939575235304;
	 0.1239908489524628, 0.9499807572046934, -0.2866405943282363, -0.8546209260529348;
	 0, 0, 0, 1]

	Results:
	[ INFO] [1486235891.835018678]: G_PBB: [0.9999334946497492, -0.004243131937012715, -0.01072390362250669, 0.01644381905697862;
	 0.004588665058409727, 0.9994643081412002, 0.0324043346608705, -0.02195364662287513;
	 0.01058066304734434, -0.03245138800108671, 0.9994173087285819, 0.006340583621535278;
	 0, 0, 0, 1]
	[ INFO] [1486235891.835043151]: G_CBB: [0.9997170767307622, -0.004826552101340833, -0.02329100443759927, 0.01760278206915691;
	 0.006181078766637755, 0.9982718050240675, 0.05843969164250263, -0.02175254915372065;
	 0.02296869082424696, -0.05856712122687281, 0.9980192040001118, 0.008057632692721362;
	 0, 0, 0, 1]
	[ INFO] [1486235891.835063603]: diffMat: [0.0002164179189870774, 0.0005834201643281182, 0.01256710081509258, -0.001158963012178289;
	 -0.001592413708228028, 0.001192503117132704, -0.02603535698163213, -0.0002010974691544834;
	 -0.01238802777690262, 0.0261157332257861, 0.001398104728470129, -0.001717049071186083;
	 0, 0, 0, 0]

 5. ### Camera matrix:

	[ INFO] [1486236278.740746962]: LEFT Camera Pose: [0.9950254357753222, -0.004331943488460038, -0.09952696331016452, -0.005120913236402995;
	 0.009169681362372699, 0.9987955449729388, 0.04820141373365264, -0.05647352268646368;
	 0.09919828175851937, -0.04887426324583309, 0.9938666949286179, 0.2363078204198479;
	 0, 0, 0, 1]
	[ INFO] [1486236278.740779597]: RIGHT Camera Pose: [0.9984269852223072, -0.009603838611619109, -0.05523876776157023, -0.007976453674768113;
	 0.01418195727019372, 0.996440823099891, 0.0830936709262388, -0.04484347595558822;
	 0.05424414501014019, -0.08374635719799182, 0.9950096081888784, 0.2371506889455339;
	 0, 0, 0, 1]

	[ INFO] [1486236278.740887119]: THE G_PB is : [0.08355063217803883, 0.2769054032829358, 0.9572579012446775, 0.2008550584494323;
	 0.9887885734369832, -0.1423397653662674, -0.04512813131442052, 0.03006885632803519;
	 0.1237596416571481, 0.9502961584833384, -0.285693476069552, -0.8546840414991106;
	 0, 0, 0, 1]

	After moved:

	[ INFO] [1486236434.373507782]: LEFT Camera Pose: [0.9966854093782799, -0.03133994751117807, -0.07507331365037354, -0.01758979821069988;
	 0.03001680359941484, 0.9993746623307878, -0.01868892166225873, -0.0212040637179222;
	 0.07561207730333108, 0.01637351462638645, 0.9970028694967005, 0.2289192065542711;
	 0, 0, 0, 1]
	[ INFO] [1486236434.373544163]: RIGHT Camera Pose: [0.9991891467586936, -0.02988573183395936, -0.02697947427920637, -0.02045501016422319;
	 0.03040781925756341, 0.9993540565229078, 0.01915291725059837, -0.009822266152710743;
	 0.02638964811499095, -0.01995777402311144, 0.9994524869789506, 0.2300606908419641;
	 0, 0, 0, 1]

	 [ INFO] [1486236434.373668315]: THE G_PB is : [0.08706701189203561, 0.2956263601711824, 0.9513276988567769, 0.2050166998206809;
	 0.9861718929741012, -0.1607504217701431, -0.04030259803782906, 0.01324719257089722;
	 0.1410118184694809, 0.9416816644029236, -0.3055344661069692, -0.8206988231121584;
	 0, 0, 0, 1]

	 Results:

	 [ INFO] [1486236758.895755331]: G_PBB: [0.999841575226149, -0.01770622559908563, 0.001820446189026936, -0.01207936269258184;
	 0.01774083957616052, 0.9996181819978529, -0.02118378697119194, 0.03584279513282373;
	 -0.001444666198745163, 0.02121272717832812, 0.999773941021285, -0.004966460840217624;
	 0, 0, 0, 1]
	[ INFO] [1486236758.895777516]: G_CBB: [0.9995031664707347, -0.02039587319699803, 0.02402974347567638, -0.01281638580465971;
	 0.02196758026953656, 0.9975064799122659, -0.06706897904502013, 0.03564210605554588;
	 -0.02260189443556235, 0.06756353224611528, 0.9974589332290087, -0.004402269201424336;
	 0, 0, 0, 1]
	[ INFO] [1486236758.895795576]: diffMat: [0.0003384087554143544, 0.0026896475979124, -0.02220929728664944, 0.0007370231120778781;
	 -0.004226740693376047, 0.002111702085586975, 0.04588519207382818, 0.0002006890772778547;
	 0.02115722823681718, -0.04635080506778716, 0.002315007792276336, -0.0005641916387932877;
	 0, 0, 0, 0]


6. SolvePnP:

	Intrinsic Matrix:
	[ INFO] [1486237787.556749094]:LEFT world_frame [0.9862397572371523, 0.08739206425081923, -0.1403344873891784, 0.1070147174538723;
	 -0.08966342841084178, 0.9959225924649817, -0.009932745010509385, 0.02392357825781891;
	 0.1388942434027294, 0.02237893929145511, 0.990054327916288, -0.2293541441016397;
	 0, 0, 0, 1]
	[ INFO] [1486237787.557023283]:RIGHT world_frame [0.9917481134587137, 0.07978227839417766, -0.1003517189953229, 0.09965581253524802;
	 -0.08564468322916889, 0.994777156460035, -0.05552834609334539, 0.02288264853730473;
	 0.09539741970125626, 0.06366472366641485, 0.9934012961914341, -0.2305004928713508;
	 0, 0, 0, 1]


	[ INFO] [1486237787.557047237]: LEFT Camera Pose: [0.9862397572371523, -0.08966342841084178, 0.1388942434027294, -0.07154112859978048;
	 0.08739206425081923, 0.9959225924649817, 0.02237893929145511, -0.02804556667598371;
	 -0.1403344873891784, -0.009932745010509385, 0.990054327916288, 0.2423285453129252;
	 0, 0, 0, 1]
	[ INFO] [1486237787.557067088]: RIGHT Camera Pose: [0.9917481134587137, -0.08564468322916889, 0.09539741970125626, -0.07488453463181093;
	 0.07978227839417766, 0.994777156460035, 0.06366472366641485, -0.01603915363987255;
	 -0.1003517189953229, -0.05552834609334539, 0.9934012961914341, 0.2402507561144639;
	 0, 0, 0, 1]

	Projection matrix:
	[ INFO] [1486238442.233179325]: world_frame [0.9843298164352355, 0.02446014768748341, -0.1746325102942804, 0.1157929025846832;
	 -0.03751179360220597, 0.9967110754744367, -0.07183242559831388, 0.05574228995281547;
	 0.1723011254093279, 0.07725757698568017, 0.9820099739722508, -0.2710655928906907;
	 0, 0, 0, 1]
	[ INFO] [1486238442.233461218]: world_frame [0.9916288423930952, 0.01985163524904011, -0.1275858593734785, 0.1233603812452496;
	 -0.03043530704184826, 0.9962046923524421, -0.08154693752829985, 0.05550959674774251;
	 0.12548279172619, 0.08474741006611992, 0.9884694964781091, -0.271060973607161;
	 0, 0, 0, 1]
	[ INFO] [1486238442.233485002]: LEFT Camera Pose: [0.9843298164352355, -0.03751179360220597, 0.1723011254093279, -0.06518250655524725;
	 0.02446014768748341, 0.9967110754744367, 0.07725757698568017, -0.03744939835574075;
	 -0.1746325102942804, -0.07183242559831388, 0.9820099739722508, 0.2904144249676995;
	 0, 0, 0, 1]
	[ INFO] [1486238442.233503485]: RIGHT Camera Pose: [0.9916288423930952, -0.03043530704184826, 0.12548279172619, -0.08662477273436529;
	 0.01985163524904011, 0.9962046923524421, 0.08474741006611992, -0.03477611056014839;
	 -0.1275858593734785, -0.08154693752829985, 0.9884694964781091, 0.2882011819683609;
	 0, 0, 0, 1]
