# Davinci_Clibration Dialog (Starting 04/Feb/2017):

############### using camera intrinsic matrix or projection matrix for the OpenCV::solvePnP:
1. Using Camera intrinsic matrix:

	Left camera-Marker transformation:

	[ INFO] [1486236154.277115430]: LEFT G_CM_l: [-0.002354835084762404, -0.9920443846157178, -0.1258665710351453, 0.04774318600814861;
	 0.9999067145725342, -0.0006424459602286589, -0.0136436584517862, 0.02242329228430199;
	 0.01345425228261999, -0.1258869580838694, 0.9919533541855209, -0.1767398968762469;
	 0, 0, 0, 1]

	Right camera-Marker transformation:

	[ INFO] [1486236154.277148554]: RIGHT G_CM_r: [-0.003780626219776128, -0.9966360355353518, -0.08186769532460986, 0.02637144545191664;
	 0.9997340577481566, -0.005629401498942348, 0.02236344376811181, 0.01900050513130976;
	 -0.02274908006474398, -0.0817613754234878, 0.9963922705667015, -0.1802477589645119;
	 0, 0, 0, 1]


	-----------------------------------I am the NEW DATAS  (06/Feb)-------------------------------------------------------

	[ INFO] [1486433141.508116529]: LEFT G_CM_l: [0.06382003946356568, -0.9861806689719856, -0.1528878370205939, 0.06042746984967548;
	 0.9950614914116914, 0.07455405451110772, -0.06553107099304398, 0.0426345453626934;
	 0.07602388356568907, -0.147950603587554, 0.9860684499697112, -0.1754500087545617;
	 0, 0, 0, 1]
	[ INFO] [1486433141.508141235]: RIGHT G_CM_r: [0.06634833185663563, -0.9935307145998918, -0.09216625199317685, 0.03187945134475516;
	 0.9977161415927345, 0.06723179307869177, -0.006510514935904904, 0.02957119475202802;
	 0.01266489893952624, -0.09152379551817112, 0.995722348442978, -0.1796374377430128;
	 0, 0, 0, 1]

	 move camera right (1 inch):

	 [ INFO] [1486433224.003255121]: LEFT G_CM_l: [0.06616407187744697, -0.9904622704609388, -0.1208586214796365, 0.04689629832844487;
	 0.9958345446101835, 0.07316257824769877, -0.05441320524632162, 0.03873386566044146;
	 0.06273655516224258, -0.1167549910603884, 0.9911772781439577, -0.175074673547485;
	 0, 0, 0, 1]
	[ INFO] [1486433224.003273113]: RIGHT G_CM_r: [0.06839713435927186, -0.9948214729430581, -0.07518024330130904, 0.02462081955500331;
	 0.9975595247542356, 0.06925561067877441, -0.008868763251672698, 0.0314323690130492;
	 0.01402948978202423, -0.07439016978683635, 0.9971305210731155, -0.1786857321784371;
	 0, 0, 0, 1]
	 

	 move camera right (another 1 inch):

	[ INFO] [1486433300.616493012]: LEFT G_CM_l: [0.07170579157756267, -0.9974244813413575, -0.001638131606286588, -0.003070250813668213;
	 0.9964193300669327, 0.07170710022235238, -0.04479520562142124, 0.03462515996322067;
	 0.04479730040079532, 0.001579809680266171, 0.9989948478736892, -0.1743588978901544;
	 0, 0, 0, 1]
	[ INFO] [1486433300.616510013]: RIGHT G_CM_r: [0.07388105943991269, -0.9972255858771683, -0.009095049641150484, -0.003035034218749122;
	 0.9970488264965109, 0.07405260313022041, -0.02024474133120893, 0.0362765098075922;
	 0.02086208613647277, -0.007572505633999822, 0.9997536849246704, -0.1772865079234589;
	 0, 0, 0, 1]

	move camera right (another 1 inch):

	[ INFO] [1486433435.846596130]: LEFT G_CM_l: [0.07487485000288742, -0.9944873264760008, 0.07340786276456636, -0.0344236667827984;
	 0.9960192651810488, 0.07101326482763877, -0.05387707867658468, 0.03798419221582901;
	 0.04836713993248262, 0.07714968371377773, 0.9958456437006771, -0.1744273899255511;
	 0, 0, 0, 1]
	[ INFO] [1486433435.846629462]: RIGHT G_CM_r: [0.07851071220986165, -0.9959079097443199, 0.04476051135766836, -0.02548368564954895;
	 0.9967982077760617, 0.07774033679386327, -0.01870221937652265, 0.03514695638505544;
	 0.01514599097884158, 0.04608552206361975, 0.9988226687522628, -0.1777264738763812;
	 0, 0, 0, 1]

	move camera right (another 1 inch):

	 [ INFO] [1486433731.486433115]: LEFT G_CM_l: [0.07095335356109245, -0.9924734682831775, 0.09981000136456954, -0.04554439714859895;
	 0.9966902492111062, 0.06656130408283803, -0.04667054666805351, 0.03526678454337571;
	 0.03967579546697901, 0.1027910869324415, 0.993911376180648, -0.1748995064564423;
	 0, 0, 0, 1]
	[ INFO] [1486433731.486458011]: RIGHT G_CM_r: [0.07673760030994145, -0.9948544090646922, 0.0661516852635971, -0.03447133181902093;
	 0.9970114245954365, 0.07597190763294662, -0.01401743474353846, 0.03337860412104866;
	 0.00891963703577571, 0.0670296502687682, 0.9977111135293606, -0.1782090022988557;
	 0, 0, 0, 1]

	FIND the 0 for x axis:

	[ INFO] [1486434026.438211277]: LEFT G_CM_l: [0.07400343377895929, -0.9972307915904953, -0.007364787350448219, -0.0006800915595583656;
	 0.9959722360205947, 0.07428089536930164, -0.05021606973143839, 0.03659173747930883;
	 0.05062407396744199, -0.003618962134231965, 0.9987112226504767, -0.1743365548752376;
	 0, 0, 0, 1]
	[ INFO] [1486434026.438227758]: RIGHT G_CM_r: [0.07659955832474688, -0.9969939132169242, -0.01164665930032944, -0.001973183016418356;
	 0.9968517050344021, 0.076818043657326, -0.0196383894112397, 0.03573871446695386;
	 0.02047402829098471, -0.01010570022637779, 0.9997393105147335, -0.1774082932932348;
	 0, 0, 0, 1]

	-----------------------------------I am the end of NEW DATAS-------------------------------------------------------


2. Peal off the Projection matrix as the camera intrinsic matrix:

	Left camera-Marker transformation:

	 [ INFO] [1486235058.848661663]: LEFT G_CM_l: [-0.005985576407716704, -0.9949273960203727, -0.1004173765998096, 0.05354265408870576;
	 0.9995956690727565, -0.00316162107187485, -0.02825778694779744, 0.03600478090324667;
	 0.02779696469142997, -0.1005459138917066, 0.9945440402282973, -0.1363223890272589;
	 0, 0, 0, 1]

	Right camera-Marker transformation:
	 
	[ INFO] [1486235058.848700721]: RIGHT G_CM_r: [-0.004286859505390253, -0.9978136296234688, -0.0659513712762697, 0.01921905028907961;
	 0.9999589655503642, -0.003751048429943693, -0.00824602032027752, 0.0301266709085052;
	 0.007980604678046246, -0.06598401452863824, 0.9977887651079549, -0.1363161378834271;
	 0, 0, 0, 1]

	-----------------------------------I am the NEW DATAS (06/Feb)-------------------------------------------------------

	move camera right:

	[ INFO] [1486431591.054003116]: LEFT G_CM_l: [0.07028396975162933, -0.99228299413262, 0.1021500031872482, -0.02867890659796422;
	 0.9975259616570096, 0.06976495990079347, -0.008649057191366161, 0.02734791653568932;
	 0.001455821490048817, 0.1025051702366444, 0.9947314062894294, -0.1340360008067124;
	 0, 0, 0, 1]
	[ INFO] [1486431591.054027156]: RIGHT G_CM_r: [0.07507588388340639, -0.9954367836706627, 0.05890009655791224, -0.03139932299102072;
	 0.9971713900616503, 0.07473214611861831, -0.008020297938485618, 0.02942863162817699;
	 0.003581968961599971, 0.05933562211615877, 0.998231663215732, -0.1345344443203947;
	 0, 0, 0, 1]

	move camera left (almost 1 inch):

	 [ INFO] [1486431897.459438089]: LEFT G_CM_l: [0.07291245219113035, -0.9969740364033194, 0.0269544996827728, 0.002369970167382301;
	 0.9973037007049932, 0.07265802155695469, -0.0103024493959063, 0.02744270621554702;
	 0.008312813940069802, 0.02763299913331139, 0.9995835705348985, -0.1345933364319433;
	 0, 0, 0, 1]
	[ INFO] [1486431897.459456756]: RIGHT G_CM_r: [0.07632277003348578, -0.997068377980321, 0.005429954521623227, -0.009399385586436437;
	 0.9970599274211226, 0.07628268113597519, -0.007242491953294516, 0.02854177788735367;
	 0.006807048215051015, 0.005966757109050319, 0.9999590301128338, -0.1343471370547765;
	 0, 0, 0, 1]

	 move camera left ( another 1 inch):

	 [ INFO] [1486432029.323072145]: LEFT G_CM_l: [0.069242553324112, -0.9962871933111559, -0.05115952749329251, 0.03460068472061742;
	 0.9970823097045304, 0.07076724191057965, -0.02861581986679336, 0.03489189765893165;
	 0.03212999351753347, -0.04902882740336489, 0.9982804403573247, -0.1352608767944715;
	 0, 0, 0, 1]
	[ INFO] [1486432029.323090421]: RIGHT G_CM_r: [0.07311575421204916, -0.9957121881783392, -0.05666855211761395, 0.01631303264941183;
	 0.9973095427936767, 0.07329680112575583, -0.001120177396337338, 0.02597472232480593;
	 0.005268997881103771, -0.05643418518801272, 0.9983924180418708, -0.1355059735577387;
	 0, 0, 0, 1]

	 move camera left (another 1 inch ):

	 [ INFO] [1486432520.385446806]: LEFT G_CM_l: [0.07222261106517192, -0.9973526854186514, 0.0084566742359526, 0.01051311077383205;
	 0.9970967744365891, 0.07199381905246931, -0.02479742781800889, 0.03400735333877665;
	 0.02412295295103793, 0.0102230575878461, 0.9996567271991309, -0.1337125971773548;
	 0, 0, 0, 1]
	[ INFO] [1486432520.385464739]: RIGHT G_CM_r: [0.0760246141254374, -0.9971058936907381, -0.0003079192633829724, -0.006989486086415642;
	 0.9969585773097883, 0.07601868378040065, -0.0171684258083748, 0.03332784357047583;
	 0.01714214617603613, 0.0009982401964743533, 0.9998525643018522, -0.1339343665654327;
	 0, 0, 0, 1]

	move camera left (another 1 inch ):
	[ INFO] [1486432809.216635441]: LEFT G_CM_l: [0.06665721138570899, -0.9939761290367782, -0.08699581067696895, 0.05032652212465859;
	 0.9963252721319639, 0.07100672410736882, -0.04789569127497832, 0.04354711677790537;
	 0.05378446133828024, -0.08348353152929099, 0.9950566474738756, -0.1339134924461484;
	 0, 0, 0, 1]
	[ INFO] [1486432809.216652923]: RIGHT G_CM_r: [0.07021767645140954, -0.9946424166676952, -0.0758679173248627, 0.02453672878344773;
	 0.9974901928757817, 0.07070513127232983, -0.003754933873974534, 0.02753277004634566;
	 0.009099067556650395, -0.07541384075360197, 0.997110806075428, -0.1352819531007902;
	 0, 0, 0, 1]
	-----------------------------------I am the end of NEW DATAS-------------------------------------------------------

############### USING THE INVERSE computation for the camera-board transformation (Using Intrinsic matrix):

	[ INFO] [1486237090.600323517]: THE solvePnpCamBoard Transformation is : [0.9974599786543495, 0.006513186134778109, -0.07093073656207324, -0.007600532562794916;
	 2.437893940608268e-06, 0.9958074741287758, 0.09147390044883967, -0.06446299866429593;
	 0.07122914415406922, -0.09124172771074258, 0.9932780860098734, 0.2433194521381721;
	 0, 0, 0, 1]

	The computed Camera-borad transformation is:
	[ INFO] [1486237090.600357665]: THE G_CB is : [0.9974599786543494, 0.006513186134778123, -0.07093073656207324, -0.007600532562794915;
	 2.437893940623881e-06, 0.9958074741287773, 0.09147390044884018, -0.06446299866429578;
	 0.07122914415406924, -0.09124172771074224, 0.9932780860098738, 0.2433194521381722;
	 0, 0, 0, 1]


	 Their difference is:
	[ INFO] [1486237090.600380730]: THE diffMat is : [-1.110223024625157e-16, 1.474514954580286e-17, 0, 8.673617379884035e-19;
	 1.561251128379126e-17, 1.554312234475219e-15, 5.134781488891349e-16, 1.52655665885959e-16;
	 1.387778780781446e-17, 3.469446951953614e-16, 3.33066907387547e-16, 1.110223024625157e-16;
	 0, 0, 0, 0]

	When moving the board around the difference is robust.


################# Moving the board around and test the board transformation under camera and polaris frame respectively:
 4. When using Projection matrix:

	LEFT Camera-board tranforamtion: [0.998117239076164, -0.008276531514369863, -0.06077397539298617, -0.004654509112020192;
	 0.008362178073229691, 0.9999643692744969, 0.001155058149709271, -0.02726364694933557;
	 0.06076225009697421, -0.00166108625581447, 0.9981508852651504, 0.26915328330699;
	 0, 0, 0, 1]

	Right Camera-board tranforamtion: [0.9996282467638349, -0.007595872285213719, -0.02618532024032472, -0.02495391618128357;
	 0.008151459277180058, 0.999742522446617, 0.02117646154880578, -0.02494798840060411;
	 0.02601772441075723, -0.0213820377022934, 0.9994327823721731, 0.2721148300385147;
	 0, 0, 0, 1]


	THE G_PB (polaris-board transformation) is : [0.07169530990038103, 0.3091513507508795, 0.9483065036512167, 0.2003495258115866;
	 0.9898103255243602, -0.1393209820647665, -0.02941400077971367, 0.01093103218288723;
	 0.1230256153150567, 0.9407524149771905, -0.3159898601077826, -0.8339874308009528;
	 0, 0, 0, 1]

	After Moved the board:

	NEW Left Camera-board transforamtion: [0.9963877919396352, -0.009520336127556145, -0.08438442553976695, 0.01260547241450159;
	 0.01456720092231287, 0.998128226956576, 0.05939561608242633, -0.04885891641139269;
	 0.08366101081714881, -0.06041031164081481, 0.9946614647791039, 0.2783017340192881;
	 0, 0, 0, 1]

	NEW Right Camera-board transforamtion: [0.9978451739912877, -0.008414330024656988, -0.06507079062477143, -0.008406651754335139;
	 0.01437162169889805, 0.9956891837407854, 0.09163244988186318, -0.04646631010489755;
	 0.06401925672827237, -0.09237017068212315, 0.9936645743590313, 0.280051991151344;
	 0, 0, 0, 1]


	THE NEW G_PB (polaris-board transformation) is : [0.08314284536037427, 0.2779076659360334, 0.9570029239659442, 0.2007542876926994;
	 0.9887939808885511, -0.142491719600765, -0.04452609576179488, 0.03007939575235304;
	 0.1239908489524628, 0.9499807572046934, -0.2866405943282363, -0.8546209260529348;
	 0, 0, 0, 1]

	Results:
	The G_PBB (the Board transformation ( old pose to new pose) relative to the POLARIS frame): [0.9999334946497492, -0.004243131937012715, -0.01072390362250669, 0.01644381905697862;
	 0.004588665058409727, 0.9994643081412002, 0.0324043346608705, -0.02195364662287513;
	 0.01058066304734434, -0.03245138800108671, 0.9994173087285819, 0.006340583621535278;
	 0, 0, 0, 1]

	G_CBB (the Board transformation ( old pose to new pose) relative to the CAMERA frame): [0.9997170767307622, -0.004826552101340833, -0.02329100443759927, 0.01760278206915691;
	 0.006181078766637755, 0.9982718050240675, 0.05843969164250263, -0.02175254915372065;
	 0.02296869082424696, -0.05856712122687281, 0.9980192040001118, 0.008057632692721362;
	 0, 0, 0, 1]
	
	Compute the diffMat (G_PBB - G_CBB): [0.0002164179189870774, 0.0005834201643281182, 0.01256710081509258, -0.001158963012178289;
	 -0.001592413708228028, 0.001192503117132704, -0.02603535698163213, -0.0002010974691544834;
	 -0.01238802777690262, 0.0261157332257861, 0.001398104728470129, -0.001717049071186083;
	 0, 0, 0, 0]

 5. Using Camera matrix:

	LEFT Camera-board transforamtion: [0.9950254357753222, -0.004331943488460038, -0.09952696331016452, -0.005120913236402995;
	 0.009169681362372699, 0.9987955449729388, 0.04820141373365264, -0.05647352268646368;
	 0.09919828175851937, -0.04887426324583309, 0.9938666949286179, 0.2363078204198479;
	 0, 0, 0, 1]
	
	Right Camera-board transforamtion: [0.9984269852223072, -0.009603838611619109, -0.05523876776157023, -0.007976453674768113;
	 0.01418195727019372, 0.996440823099891, 0.0830936709262388, -0.04484347595558822;
	 0.05424414501014019, -0.08374635719799182, 0.9950096081888784, 0.2371506889455339;
	 0, 0, 0, 1]

	THE G_PB (polaris-board transformation) is: [0.08355063217803883, 0.2769054032829358, 0.9572579012446775, 0.2008550584494323;
	 0.9887885734369832, -0.1423397653662674, -0.04512813131442052, 0.03006885632803519;
	 0.1237596416571481, 0.9502961584833384, -0.285693476069552, -0.8546840414991106;
	 0, 0, 0, 1]

	After moved:

	NEW Left Camera-board transforamtion: [0.9966854093782799, -0.03133994751117807, -0.07507331365037354, -0.01758979821069988;
	 0.03001680359941484, 0.9993746623307878, -0.01868892166225873, -0.0212040637179222;
	 0.07561207730333108, 0.01637351462638645, 0.9970028694967005, 0.2289192065542711;
	 0, 0, 0, 1]
	
	NEW Right Camera-board transforamtion: [0.9991891467586936, -0.02988573183395936, -0.02697947427920637, -0.02045501016422319;
	 0.03040781925756341, 0.9993540565229078, 0.01915291725059837, -0.009822266152710743;
	 0.02638964811499095, -0.01995777402311144, 0.9994524869789506, 0.2300606908419641;
	 0, 0, 0, 1]

	THE NEW G_PB (polaris-board transformation) is: [0.08706701189203561, 0.2956263601711824, 0.9513276988567769, 0.2050166998206809;
	 0.9861718929741012, -0.1607504217701431, -0.04030259803782906, 0.01324719257089722;
	 0.1410118184694809, 0.9416816644029236, -0.3055344661069692, -0.8206988231121584;
	 0, 0, 0, 1]

	Results:

	The G_PBB (the Board transformation ( old pose to new pose) relative to the POLARIS frame): [0.999841575226149, -0.01770622559908563, 0.001820446189026936, -0.01207936269258184;
	 0.01774083957616052, 0.9996181819978529, -0.02118378697119194, 0.03584279513282373;
	 -0.001444666198745163, 0.02121272717832812, 0.999773941021285, -0.004966460840217624;
	 0, 0, 0, 1]
	
	G_CBB (the Board transformation ( old pose to new pose) relative to the CAMERA frame): [0.9995031664707347, -0.02039587319699803, 0.02402974347567638, -0.01281638580465971;
	 0.02196758026953656, 0.9975064799122659, -0.06706897904502013, 0.03564210605554588;
	 -0.02260189443556235, 0.06756353224611528, 0.9974589332290087, -0.004402269201424336;
	 0, 0, 0, 1]
	
	Compute the diffMat (G_PBB - G_CBB): [0.0003384087554143544, 0.0026896475979124, -0.02220929728664944, 0.0007370231120778781;
	 -0.004226740693376047, 0.002111702085586975, 0.04588519207382818, 0.0002006890772778547;
	 0.02115722823681718, -0.04635080506778716, 0.002315007792276336, -0.0005641916387932877;
	 0, 0, 0, 0]


6. SolvePnP: using solvePnP, gives the camera-board transformation and its inverse.

	Using Intrinsic Matrix:

	[ INFO] [1486237787.556749094]:LEFT Camera pose relative to the board frame: [0.9862397572371523, 0.08739206425081923, -0.1403344873891784, 0.1070147174538723;
	 -0.08966342841084178, 0.9959225924649817, -0.009932745010509385, 0.02392357825781891;
	 0.1388942434027294, 0.02237893929145511, 0.990054327916288, -0.2293541441016397;
	 0, 0, 0, 1]

	[ INFO] [1486237787.557023283]:RIGHT Camera pose relative to the board frame [0.9917481134587137, 0.07978227839417766, -0.1003517189953229, 0.09965581253524802;
	 -0.08564468322916889, 0.994777156460035, -0.05552834609334539, 0.02288264853730473;
	 0.09539741970125626, 0.06366472366641485, 0.9934012961914341, -0.2305004928713508;
	 0, 0, 0, 1]


	[ INFO] [1486237787.557047237]: LEFT BOARD pose relative to the CAMERA frame: [0.9862397572371523, -0.08966342841084178, 0.1388942434027294, -0.07154112859978048;
	 0.08739206425081923, 0.9959225924649817, 0.02237893929145511, -0.02804556667598371;
	 -0.1403344873891784, -0.009932745010509385, 0.990054327916288, 0.2423285453129252;
	 0, 0, 0, 1]

	[ INFO] [1486237787.557067088]: RIGHT BOARD pose relative to the CAMERA frame: [0.9917481134587137, -0.08564468322916889, 0.09539741970125626, -0.07488453463181093;
	 0.07978227839417766, 0.994777156460035, 0.06366472366641485, -0.01603915363987255;
	 -0.1003517189953229, -0.05552834609334539, 0.9934012961914341, 0.2402507561144639;
	 0, 0, 0, 1]


	Using Projection matrix:

	[ INFO] [1486238442.233179325]: LEFT Camera pose relative to the board frame [0.9843298164352355, 0.02446014768748341, -0.1746325102942804, 0.1157929025846832;
	 -0.03751179360220597, 0.9967110754744367, -0.07183242559831388, 0.05574228995281547;
	 0.1723011254093279, 0.07725757698568017, 0.9820099739722508, -0.2710655928906907;
	 0, 0, 0, 1]

	[ INFO] [1486238442.233461218]: RIGHT Camera pose relative to the board frame [0.9916288423930952, 0.01985163524904011, -0.1275858593734785, 0.1233603812452496;
	 -0.03043530704184826, 0.9962046923524421, -0.08154693752829985, 0.05550959674774251;
	 0.12548279172619, 0.08474741006611992, 0.9884694964781091, -0.271060973607161;
	 0, 0, 0, 1]


	[ INFO] [1486238442.233485002]: LEFT BOARD pose relative to the CAMERA frame: [0.9843298164352355, -0.03751179360220597, 0.1723011254093279, -0.06518250655524725;
	 0.02446014768748341, 0.9967110754744367, 0.07725757698568017, -0.03744939835574075;
	 -0.1746325102942804, -0.07183242559831388, 0.9820099739722508, 0.2904144249676995;
	 0, 0, 0, 1]

	[ INFO] [1486238442.233503485]: RIGHT BOARD pose relative to the CAMERA frame: [0.9916288423930952, -0.03043530704184826, 0.12548279172619, -0.08662477273436529;
	 0.01985163524904011, 0.9962046923524421, 0.08474741006611992, -0.03477611056014839;
	 -0.1275858593734785, -0.08154693752829985, 0.9884694964781091, 0.2882011819683609;
	 0, 0, 0, 1]
