------------------------------------------1------------------------------
[ INFO] [1488298898.781800599]: Left camera pose: [0.9958590943527883, -0.05337803120603418, -0.07358974099296731, 0.002068786914176234;
 0.05962297047905366, 0.9945564554535362, 0.08545500750074329, -0.06850827715748564;
 0.06862773190262278, -0.08948878533238584, 0.9936206477895051, 0.2806568583912626;
 0, 0, 0, 1]
[ INFO] [1488298898.781821373]: Right camera pose: [0.9975094637196986, -0.05744895396011502, -0.04092050193396755, -0.002387508724043381;
 0.06242273783362478, 0.9891511216323647, 0.1329791727105767, -0.05421066981166733;
 0.03283704601503927, -0.1352023530206609, 0.9902737258691068, 0.2807522862831933;
 0, 0, 0, 1]
[ INFO] [1488298898.781839773]: g_bm:[0, -1, 0, -0.08;
 0, 0, 1, 0;
 -1, 0, 0, 0;
 0, 0, 0, 1]
[ INFO] [1488298898.781861883]: LEFT G_CM_l: [0.03334298265407218, -0.9951732935679266, -0.09229496886015083, 0.04349142373233228;
 0.9991655528095083, 0.03537083211697035, -0.02042308287752875, 0.01601282257640528;
 0.02358905650083379, -0.09153698708456086, 0.9955222430507923, -0.173114226060579;
 0, 0, 0, 1]
[ INFO] [1488298898.781894578]: RIGHT G_CM_r: [0.03294420773797359, -0.9976886905925032, -0.05943026030848333, 0.02396820593756145;
 0.9991345270278275, 0.03136446114499747, 0.02732155701937872, 0.008461788813645239;
 -0.02539441035733045, -0.06027891207462853, 0.9978584953197034, -0.1776638864903359;
 0, 0, 0, 1]
[ INFO] [1488298898.781921562]: THE solvePnpCamBoard is : [0.9958590943527883, -0.05337803120603418, -0.07358974099296731, 0.002068786914176234;
 0.05962297047905366, 0.9945564554535362, 0.08545500750074329, -0.06850827715748564;
 0.06862773190262278, -0.08948878533238584, 0.9936206477895051, 0.2806568583912626;
 0, 0, 0, 1]
[ INFO] [1488298898.781957669]: THE G_CB is : [0.9970962375039429, 0.07044822875345957, -0.02891608930994122, 0.04444559263126227;
 -0.06849028734765185, 0.995604534480476, 0.06388029008194435, -0.07105610067514204;
 0.03328924292495006, -0.06171432562555859, 0.997538554802804, 0.2849450711742917;
 0, 0, 0, 1]
[ INFO] [1488298898.781987928]: THE diffMat is : [0.9913348958332853, 0.1270435555866205, 0.03339250345688635, 0.04172643197436764;
 -0.1260510194420487, 0.9915602131338415, -0.03032299832789845, 0.005645111371818473;
 -0.0369630193684061, 0.02585108728627769, 0.9989822102947024, 0.006421344507629378;
 0, 0, 0, 1]
[ INFO] [1488298899.982192713]: The transformation between two markers: [-0.1052059259500973, 0.01456985533131211, -0.9943437194756181, 0.446729076660676;
 -0.0941820337189173, 0.9952522987781999, 0.02454804068103208, -0.09512377117284662;
 0.9899805339851646, 0.09623191306595499, -0.1033342210408308, 0.1224467040521571;
 0, 0, 0, 1]
----------------------------------2: move board left---------------------------------------------
[ INFO] [1488299008.618474881]: Left camera pose: [0.9979718170369117, -0.06331171505976828, -0.006624132866689126, -0.03174139751881377;
 0.06365720242434235, 0.9927385709821722, 0.1020680668171042, -0.07090403938705706;
 0.000113927833047089, -0.1022827278696909, 0.9947553621870975, 0.2828753428612672;
 0, 0, 0, 1]
[ INFO] [1488299008.618496660]: Right camera pose: [0.9980678657412537, -0.06197945723906735, -0.004368324054988709, -0.0363131895178804;
 0.06196094805270549, 0.9876063408817546, 0.1442031773802563, -0.05645007170102116;
 -0.00462345013044405, -0.1441952229808683, 0.9895384587667065, 0.2823366660537173;
 0, 0, 0, 1]
[ INFO] [1488299008.618517990]: g_bm:[0, -1, 0, -0.08;
 0, 0, 1, 0;
 -1, 0, 0, 0;
 0, 0, 0, 1]
[ INFO] [1488299008.618550669]: LEFT G_CM_l: [0.03397537300016171, -0.9991814650907948, -0.02195618018947383, 0.0114208728984443;
 0.9994208888147577, 0.03400859339215725, -0.001141304607722632, 0.008442816363108618;
 0.001887069214567785, -0.02190468887018669, 0.999758282573983, -0.1740964723603382;
 0, 0, 0, 1]
[ INFO] [1488299008.618570454]: RIGHT G_CM_r: [0.03553727482366887, -0.9991711829997072, -0.01985067155218505, 0.006009460379917758;
 0.9985432469494963, 0.03469394162155584, 0.04132450104137321, 0.00336073350060407;
 -0.04060155255240143, -0.02129031417630515, 0.9989485654690181, -0.1776781227288835;
 0, 0, 0, 1]
[ INFO] [1488299008.618591818]: THE solvePnpCamBoard is : [0.9979718170369117, -0.06331171505976828, -0.006624132866689126, -0.03174139751881377;
 0.06365720242434235, 0.9927385709821722, 0.1020680668171042, -0.07090403938705706;
 0.000113927833047089, -0.1022827278696909, 0.9947553621870975, 0.2828753428612672;
 0, 0, 0, 1]
[ INFO] [1488299008.618624768]: THE G_CB is : [0.9971911893010029, 0.06756465070142621, -0.03232259203785648, 0.01041997940093717;
 -0.0654807055415069, 0.9959452272608555, 0.06168777430018185, -0.07028282990737367;
 0.03635944419594309, -0.05939799888816111, 0.9975719866485048, 0.2835120933937918;
 0, 0, 0, 1]
[ INFO] [1488299008.618650129]: THE diffMat is : [0.9911051783508538, 0.1272533316955262, -0.03895016069941767, 0.06191985815494949;
 -0.1288115271468068, 0.9908412750289813, -0.04051121046143498, 0.00734278354443417;
 0.0334382403877585, 0.04516810015189496, 0.9984196145952058, 0.005347779828444754;
 0, 0, 0, 1]
[ INFO] [1488299009.818845499]: The transformation between two markers: [-0.1039111531596166, 0.01177173629326774, -0.9945169171380042, 0.4467763306810454;
 -0.09717351159872366, 0.995025802092385, 0.02193084161583444, -0.1280264849696675;
 0.9898281572538793, 0.098919560224699, -0.1022503775657617, 0.1227513599436865;
 0, 0, 0, 1]
------------------------------3:move board left------------------------------------------------------
[ INFO] [1488299078.556641386]: Left camera pose: [0.9949199023491583, -0.0714156621581313, 0.07095203385426635, -0.06380109415123093;
 0.06353087902628318, 0.9921439028565585, 0.1077696777145758, -0.07263263763664948;
 -0.07809107067833734, -0.1027145521485219, 0.9916408147395102, 0.2873304670187031;
 0, 0, 0, 1]
[ INFO] [1488299078.556660572]: Right camera pose: [0.9967326761815248, -0.06359971161023455, 0.04979004835416959, -0.06875833193404421;
 0.05623583183195693, 0.9889140585826119, 0.1374282211040884, -0.05791818337186386;
 -0.05797847402427395, -0.1341792138177943, 0.9892595388112541, 0.2856978327574448;
 0, 0, 0, 1]
[ INFO] [1488299078.556679338]: g_bm:[0, -1, 0, -0.08;
 0, 0, 1, 0;
 -1, 0, 0, 0;
 0, 0, 0, 1]
[ INFO] [1488299078.556700363]: LEFT G_CM_l: [0.02986159489457162, -0.997829790955609, 0.05868554704386728, -0.02549383592652035;
 0.9995323898224728, 0.03019589012585648, 0.004817666995740419, 0.005705541052606164;
 -0.00657927398176604, 0.05851424186463212, 0.9982648930283384, -0.1744834239832308;
 0, 0, 0, 1]
[ INFO] [1488299078.556716314]: RIGHT G_CM_r: [0.03558470812690324, -0.9986886624735114, 0.03680603203812658, -0.01989571470676951;
 0.9987145312690406, 0.03686764358514395, 0.03478594383565994, 0.00619593484843646;
 -0.0360972793930792, 0.03552087137652012, 0.9987168037622428, -0.1773121138721331;
 0, 0, 0, 1]
[ INFO] [1488299078.556733429]: THE solvePnpCamBoard is : [0.9949199023491583, -0.0714156621581313, 0.07095203385426635, -0.06380109415123093;
 0.06353087902628318, 0.9921439028565585, 0.1077696777145758, -0.07263263763664948;
 -0.07809107067833734, -0.1027145521485219, 0.9916408147395102, 0.2873304670187031;
 0, 0, 0, 1]
[ INFO] [1488299078.556762501]: THE G_CB is : [0.9968341708323588, 0.07161887832737854, -0.03453074178311353, -0.0220037191728143;
 -0.06939861014377002, 0.9956791839686787, 0.06169923436787927, -0.0675431557895302;
 0.03880037075952913, -0.05910751964511446, 0.9974972843824319, 0.2821294284040755;
 0, 0, 0, 1]
[ INFO] [1488299078.556785035]: THE diffMat is : [0.9842054199240539, 0.1306646176651389, -0.119442241617194, 0.08459957438034456;
 -0.1357754604819459, 0.9900973834731447, -0.03566785065786528, 0.005956065938711938;
 0.1135989248322035, 0.0513218172910833, 0.9922002596990736, 0.008015439065517826;
 0, 0, 0, 1]
[ INFO] [1488299079.757004086]: The transformation between two markers: [-0.1030838061411727, 0.01066344881743261, -0.9946155135381545, 0.4466627801650667;
 -0.0943504513854827, 0.9953289907619809, 0.02044975481741289, -0.1596477309125138;
 0.9901877201999654, 0.09595046121856129, -0.1015961995211464, 0.1220988084366226;
 0, 0, 0, 1]
---------------------------4:move board left--------------------------------------------------------
[ INFO] [1488299199.336051420]: Left camera pose: [0.9920440047015046, -0.05814663234716451, 0.1116586847606797, -0.08902980451626359;
 0.04654441091022578, 0.9935041706918758, 0.1038416131946539, -0.07234089968182593;
 -0.1169714091084706, -0.0978183621030926, 0.9883062569298279, 0.2909447224263625;
 0, 0, 0, 1]
[ INFO] [1488299199.336071236]: Right camera pose: [0.9956782980690217, -0.04814408149925331, 0.07941583073272915, -0.09428804658893562;
 0.03738506574498165, 0.9905716785597438, 0.1317956998333976, -0.05745195234703258;
 -0.08501225566716619, -0.1282571520497976, 0.9880905926758212, 0.2887496296299898;
 0, 0, 0, 1]
[ INFO] [1488299199.336092053]: g_bm:[0, -1, 0, -0.08;
 0, 0, 1, 0;
 -1, 0, 0, 0;
 0, 0, 0, 1]
[ INFO] [1488299199.336115442]: LEFT G_CM_l: [0.02969869355632782, -0.9943967196489458, 0.1014551701613218, -0.04489429437904449;
 0.9995588794309244, 0.02956408117449574, -0.00283048672546822, 0.007762399852605767;
 -0.0001848021714054016, 0.1014944779567995, 0.9948360853891631, -0.1744876689827781;
 0, 0, 0, 1]
[ INFO] [1488299199.336133597]: RIGHT G_CM_r: [0.03644332327951753, -0.9970003638202011, 0.06828000242187382, -0.03415195688463926;
 0.998944660268272, 0.03825519742705706, 0.02541860718694219, 0.008869836741669218;
 -0.02795442558615216, 0.0672816053034067, 0.9973423362506704, -0.1770581245254746;
 0, 0, 0, 1]
[ INFO] [1488299199.336152462]: THE solvePnpCamBoard is : [0.9920440047015046, -0.05814663234716451, 0.1116586847606797, -0.08902980451626359;
 0.04654441091022578, 0.9935041706918758, 0.1038416131946539, -0.07234089968182593;
 -0.1169714091084706, -0.0978183621030926, 0.9883062569298279, 0.2909447224263625;
 0, 0, 0, 1]
[ INFO] [1488299199.336184013]: THE G_CB is : [0.9953241700205064, 0.08972637710007181, -0.03576274353968947, -0.04735592778309609;
 -0.08725286212866581, 0.9940251233235939, 0.06558195065619526, -0.06232810206872907;
 0.04143349639296594, -0.06215489887379266, 0.9972061140620043, 0.2811774982370226;
 0, 0, 0, 1]
[ INFO] [1488299199.336209110]: THE diffMat is : [0.9781948680351884, 0.1317566460468792, -0.160545901137643, 0.09597394705416191;
 -0.1370350978032212, 0.9903171082790785, -0.02221276704572045, 0.003574807887634437;
 0.1560646728753246, 0.04372883799328734, 0.9867783979233005, 0.01113732195735728;
 0, 0, 0, 1]
[ INFO] [1488299200.536421628]: The transformation between two markers: [-0.1059510997450871, 0.007581148868435215, -0.9943424413373098, 0.4467849023823169;
 -0.07651174230503974, 0.9969442195900933, 0.01575361277127288, -0.1818994472780726;
 0.9914233796679669, 0.07774798523263896, -0.1050472895414802, 0.1224707276277761;
 0, 0, 0, 1]
 --------------------------5:move board left----------------------------------------------------------------
 [ INFO] [1488299269.577744522]: Left camera pose: [0.9916305443150896, -0.05648998734189413, 0.1160936902310881, -0.09467048816553951;
 0.04486625769721364, 0.9939343577906482, 0.1004067294733724, -0.07233387582282459;
 -0.1210614823203748, -0.09435769037764968, 0.9881501625588032, 0.2918525570722226;
 0, 0, 0, 1]
[ INFO] [1488299269.577764458]: Right camera pose: [0.9954015453718846, -0.04589143187972202, 0.08408174564846253, -0.1000067973814564;
 0.03483386695409649, 0.9910907845566771, 0.1285521624861076, -0.05733811761017807;
 -0.08923208606935186, -0.1250321288583824, 0.9881318745839811, 0.2894623494978831;
 0, 0, 0, 1]
[ INFO] [1488299269.577783258]: g_bm:[0, -1, 0, -0.08;
 0, 0, 1, 0;
 -1, 0, 0, 0;
 0, 0, 0, 1]
[ INFO] [1488299269.577805743]: LEFT G_CM_l: [0.02938620022035847, -0.9939803101265671, 0.105544276572928, -0.04690470571704347;
 0.9995672389305513, 0.0290807219386011, -0.004432433675032474, 0.008990185225641156;
 0.001336448039696278, 0.1056288535023621, 0.994404726061986, -0.1740749839104803;
 0, 0, 0, 1]
[ INFO] [1488299269.577825105]: RIGHT G_CM_r: [0.03681106527286471, -0.9966854983838296, 0.07254628029647181, -0.03624229260713452;
 0.9989645283249998, 0.03864302919157759, 0.02401223528348301, 0.009988627487270828;
 -0.02673605471806481, 0.07158724471773051, 0.997075949851282, -0.1767831262442291;
 0, 0, 0, 1]
[ INFO] [1488299269.577844019]: THE solvePnpCamBoard is : [0.9916305443150896, -0.05648998734189413, 0.1160936902310881, -0.09467048816553951;
 0.04486625769721364, 0.9939343577906482, 0.1004067294733724, -0.07233387582282459;
 -0.1210614823203748, -0.09435769037764968, 0.9881501625588032, 0.2918525570722226;
 0, 0, 0, 1]
[ INFO] [1488299269.577900579]: THE G_CB is : [0.9951380081414853, 0.09181828908588509, -0.03563350307698666, -0.05293171461153975;
 -0.08942834737760622, 0.9939545205805809, 0.06369444012424325, -0.06200974100925376;
 0.04126639598398429, -0.06019811298347727, 0.9973330796457731, 0.2807110800238409;
 0, 0, 0, 1]
[ INFO] [1488299269.577950444]: THE diffMat is : [0.977485605825691, 0.1323316270099435, -0.1643478959295889, 0.09714473801882614;
 -0.1374338364720436, 0.9903085832260046, -0.02002125324455035, 0.002455442642034657;
 0.1601056869575764, 0.0421574487108498, 0.9861992286156156, 0.01109300857213058;
 0, 0, 0, 1]
[ INFO] [1488299270.778167117]: The transformation between two markers: [-0.1058703725164725, 0.007411153423025528, -0.9943523213771686, 0.4467739197273923;
 -0.0731940797456012, 0.9972014897977104, 0.01522548637716215, -0.1871672936857981;
 0.9916824546766052, 0.07439263102059872, -0.1050316406442131, 0.1223633482107869;
 0, 0, 0, 1]
----------------------6:move board right------------------------------------------------------------------------------
[ INFO] [1488299445.857134968]: Left camera pose: [0.9967247951696231, -0.02992610260439594, -0.07512729914607655, 0.002014049185543907;
 0.03631792994045264, 0.9957009649398242, 0.08520913321201781, -0.06705762642845865;
 0.07225434698973676, -0.08765852383433223, 0.9935266944276195, 0.280558197003953;
 0, 0, 0, 1]
[ INFO] [1488299445.857162732]: Right camera pose: [0.9985941819313051, -0.03469129613311531, -0.0400770980180962, -0.002552697638228173;
 0.03966740903492836, 0.9906005787475222, 0.1309083268762146, -0.052783434057726;
 0.03515901695729385, -0.1323140482249662, 0.9905840883887234, 0.280586224337149;
 0, 0, 0, 1]
[ INFO] [1488299445.857190890]: g_bm:[0, -1, 0, -0.08;
 0, 0, 1, 0;
 -1, 0, 0, 0;
 0, 0, 0, 1]
[ INFO] [1488299445.857220358]: LEFT G_CM_l: [0.03641858317670742, -0.9947934511678748, -0.09518233193671091, 0.04490017734537154;
 0.9990530221323124, 0.0385116894156408, -0.02024620326496569, 0.01555331069736909;
 0.02380642282440439, -0.09435485833735427, 0.9952539449509573, -0.172866768735155;
 0, 0, 0, 1]
[ INFO] [1488299445.857244830]: RIGHT G_CM_r: [0.03554929615975125, -0.9975723576805936, -0.05988020319043703, 0.02412649187219623;
 0.9990906090867807, 0.03406412407849638, 0.02564352326358757, 0.008842705504372446;
 -0.02354150328996975, -0.06073735788085068, 0.9978761300785293, -0.1773967734330734;
 0, 0, 0, 1]
[ INFO] [1488299445.857269551]: THE solvePnpCamBoard is : [0.9967247951696231, -0.02992610260439594, -0.07512729914607655, 0.002014049185543907;
 0.03631792994045264, 0.9957009649398242, 0.08520913321201781, -0.06705762642845865;
 0.07225434698973676, -0.08765852383433223, 0.9935266944276195, 0.280558197003953;
 0, 0, 0, 1]
[ INFO] [1488299445.857304456]: THE G_CB is : [0.9955006641136168, 0.09053724898372992, -0.02795414630794548, 0.04475311561812831;
 -0.08862485617961133, 0.9940458159274188, 0.06339203975529983, -0.0692439749550756;
 0.03352704306214818, -0.06062938547975216, 0.9975971205851877, 0.2847727065657308;
 0, 0, 0, 1]
[ INFO] [1488299445.857334415]: THE diffMat is : [0.9916308880393119, 0.1239206009744675, 0.03621969823856436, 0.04090401036880961;
 -0.1228449814376512, 0.9919552875557029, -0.03055843624710171, 0.006095027763128757;
 -0.03971514096599667, 0.02585328111501253, 0.9988765266206029, 0.006343357141760209;
 0, 0, 0, 1]
[ INFO] [1488299447.057546707]: The transformation between two markers: [-0.105813369055683, 0.01564450449788402, -0.9942629332365264, 0.4466686334256348;
 -0.07410718789551513, 0.9969716123302583, 0.02357390315208958, -0.09302178766435062;
 0.9916207216629277, 0.07617646412522032, -0.1043335549191839, 0.120747543456119;
 0, 0, 0, 1]
---------------------7:move board right----------------------------------------------------------------------------------
[ INFO] [1488299533.975638172]: Left camera pose: [0.9957912338897503, -0.02408311070144138, -0.08842975905921335, 0.008445494424425163;
 0.03187487333176797, 0.9956292790695036, 0.08778571130670471, -0.06704549894447431;
 0.08592910425701034, -0.0902349291487641, 0.9922065544044271, 0.2802273225334274;
 0, 0, 0, 1]
[ INFO] [1488299533.975658738]: Right camera pose: [0.9985271175464037, -0.03046651598408842, -0.04489306102575228, 0.003915195682884402;
 0.03611142210479996, 0.990746062804873, 0.1308365554048697, -0.05282899501437981;
 0.04049148945197741, -0.1322650008144024, 0.990386999531762, 0.280562511888631;
 0, 0, 0, 1]
[ INFO] [1488299533.975677316]: g_bm:[0, -1, 0, -0.08;
 0, 0, 1, 0;
 -1, 0, 0, 0;
 0, 0, 0, 1]
[ INFO] [1488299533.975700308]: LEFT G_CM_l: [0.03617648341099534, -0.9934269672117431, -0.108600749833931, 0.05102042462653515;
 0.9991529832074054, 0.03808783347760206, -0.01557668413761294, 0.01451006252183389;
 0.01961066535726143, -0.1079452535198308, 0.9939634017642626, -0.1734339698144414;
 0, 0, 0, 1]
[ INFO] [1488299533.975718930]: RIGHT G_CM_r: [0.03456003447738226, -0.9973052028686106, -0.06471426695962379, 0.02628428161167307;
 0.9990788073572247, 0.03282809761185944, 0.02763788517325506, 0.008928478878672992;
 -0.02543896040694216, -0.06560981891748764, 0.9975210328384201, -0.1776493832817116;
 0, 0, 0, 1]
[ INFO] [1488299533.975738555]: THE solvePnpCamBoard is : [0.9957912338897503, -0.02408311070144138, -0.08842975905921335, 0.008445494424425163;
 0.03187487333176797, 0.9956292790695036, 0.08778571130670471, -0.06704549894447431;
 0.08592910425701034, -0.0902349291487641, 0.9922065544044271, 0.2802273225334274;
 0, 0, 0, 1]
[ INFO] [1488299533.975767937]: THE G_CB is : [0.9950573922099075, 0.09523738642998625, -0.02811808020479907, 0.05101630738906946;
 -0.09337898731594846, 0.9937412508243481, 0.06130816534452338, -0.07111215265947839;
 0.03378092562772617, -0.05837950527410235, 0.9977227482761361, 0.2848707755284601;
 0, 0, 0, 1]
[ INFO] [1488299533.975790760]: THE diffMat is : [0.9910622909172299, 0.1240700930549238, 0.0490117081036197, 0.03723021789515746;
 -0.1223398238406939, 0.991803422651006, -0.03686378060347897, 0.006747261504100002;
 -0.05318367253697193, 0.03053821912122576, 0.9981176855202922, 0.007667541489586871;
 0, 0, 0, 1]
[ INFO] [1488299535.176013613]: The transformation between two markers: [-0.103435132013294, 0.01567791163574107, -0.994512632675993, 0.4467992864457443;
 -0.06987210374141838, 0.9972910324060003, 0.02298881905019198, -0.08580643002173277;
 0.9921789468559296, 0.07186654137577443, -0.1020594809243276, 0.1210009995017255;
 0, 0, 0, 1]
