Camera_marker relative to base_marker: G_B_t1= [0.8218327040608487, -0.5652068087339225, -0.07163986248485081, 0.5036941605587244;
 0.2384186235201279, 0.2269846651045333, 0.9442640106274042, -0.3171466765225852;
 -0.5174432978547512, -0.7931073226040708, 0.3212992504457509, -0.02752513955378794;
 0, 0, 0, 1]
[ INFO] [1497480756.436603681]:  inv of G_M1_M0= [0.8218327040608489, 0.2384186235201282, -0.5174432978547512, -0.352581358905762;
 -0.5652068087339227, 0.2269846651045334, -0.7931073226040711, 0.3348484114909953;
 -0.07163986248485064, 0.9442640106274042, 0.3212992504457509, 0.3443985798342644;
 0, 0, 0, 1]



[ INFO] [1497482414.970802603]: G_CB_l= [0.9998081785822189, -0.01388670654584409, 0.01381178559837598, -0.03165755615887532;
 0.01217249399806152, 0.993025572934255, 0.1172691003140297, -0.03671202908968711;
 -0.01534393789002848, -0.1170784817116468, 0.9930041252130439, 0.1831704410116569;
 0, 0, 0, 1]
[ INFO] [1497482414.970827912]: G_CB_r= [0.9989281815574649, -0.01528481459516278, 0.04369053138939804, -0.02739594124517811;
 0.01036418744323883, 0.9937987819391145, 0.1107093701317717, -0.03627295756065907;
 -0.04511176907346782, -0.1101378929302886, 0.9928920247599626, 0.1839890286576769;
 0, 0, 0, 1]
