[ INFO] [1497554306.432525303]: G_M1_M0= [-0.008220465047931974, -0.5913632473895502, 0.8063634004537176, 0.3536505781255068;
 -0.962837944626069, 0.2223772075379234, 0.1532692727061823, 0.04588868753657957;
 -0.2699546560862446, -0.7751373344153419, -0.5712150177059743, 0.03663277158595385;
 0, 0, 0, 1]



 [ INFO] [1497554870.640264673]: G_CB_l= [0.9990835183215987, -0.02651367034702306, 0.03360280796101874, -0.03738198779494276;
 0.02242421953368294, 0.9929118520098106, 0.1167185011759197, -0.03469689179901169;
 -0.03645926214888209, -0.1158580140653954, 0.9925964148536814, 0.1946605370203268;
 0, 0, 0, 1]
[ INFO] [1497554870.640289866]: G_CB_r= [0.9985715693206768, -0.0260413806468708, 0.04665476865707983, -0.03312176816041121;
 0.02056038729695067, 0.9932299895728989, 0.1143304783827071, -0.03422175266675045;
 -0.04931623889390031, -0.1132079251069643, 0.992346650256016, 0.1951920941169495;
 0, 0, 0, 1]


 [ INFO] [1497555575.939440821]: G_M1_M0= [0.8223119313488425, -0.5643747827224385, -0.07269244932134353, 0.5036365917025286;
 0.2398467576279985, 0.2279170155789569, 0.943677575692523, -0.317413128721128;
 -0.5160199806370604, -0.793432378112074, 0.3227823429909791, -0.02764807957484622;
 0, 0, 0, 1]






----------------new datas ----------------------

[ INFO] [1497557978.285375111]: G_CB_l= [0.998734414881966, -0.03825534821188904, 0.03265113877897873, -0.03547537464769428;
 0.0343012768435985, 0.9928785117389013, 0.1140862977488674, -0.03497373937977147;
 -0.03678302512404091, -0.1128219360777483, 0.9929341467601931, 0.1945101754369914;
 0, 0, 0, 1]
[ INFO] [1497557978.285396861]: G_CB_r= [0.9981407701202968, -0.03803340166762978, 0.04762838839651877, -0.03124328101847691;
 0.03257791907125836, 0.9933422841504166, 0.110497899110434, -0.03451378516324209;
 -0.05151390310049753, -0.1087408243320872, 0.9927344815764841, 0.1950744244803795;
 0, 0, 0, 1]
