# Robot_base data set

-----------------------data 1 -------------------------------
G_PM1= [0.01199335667971901, 0.9751559758420401, 0.2211944442681861, -0.1035500019788742;
 0.3817274702921512, -0.2089217704877102, 0.9003531708394408, -0.2074600011110306;
 0.9241971098309645, 0.07363773893757958, -0.3747494971100735, -1.098549962043762;
 0, 0, 0, 1]


-----------------------data 2 -------------------------------
G_PM1= [0.006723622351019531, 0.9748915277633222, 0.2225787545966049, -0.1068800017237663;
 0.4427141108804412, -0.2024835404503932, 0.8735013634070721, -0.177499994635582;
 0.8966376129350255, 0.09266566215146177, -0.4329596587769006, -1.085090041160583;
 0, 0, 0, 1]


-----------------------data 3 -------------------------------
 [0.009680364766268768, 0.9758468200080157, 0.2182413215187136, -0.1092099994421005;
 0.4542237869261966, -0.1987264848388898, 0.8684402890320112, -0.1286199986934662;
 0.8908350250907384, 0.09072358074845377, -0.445176582905887, -1.106080055236816;
 0, 0, 0, 1]

-----------------------data 4 -------------------------------
G_PM1= [-0.1624739432013129, 0.9421640076170641, 0.2931368290262569, 0.1227099969983101;
 0.4242255519973674, -0.2015250240096373, 0.8828478610329435, -0.07270999997854233;
 0.8908618853745766, 0.2677959063332886, -0.3669474808988163, -1.133249998092651;
 0, 0, 0, 1]


-----------------------data 5 -------------------------------
G_PM1= [-0.07731714083462404, 0.9646321887070821, 0.252005555977133, 0.0285899993032217;
 0.3422353485034436, -0.211725890221056, 0.9154491321995059, -0.1892099976539612;
 0.9364278007235187, 0.1570251187558419, -0.3137611928072496, -1.294880032539368;
 0, 0, 0, 1]

-----------------------data 6 -------------------------------
G_PM1= [-0.08711090850970393, 0.9607741669152503, 0.2632958218561789, 0.02129000052809715;
 0.428300668077449, -0.2025060825039311, 0.8806530669187055, -0.2167399972677231;
 0.8994277221339271, 0.1894842651441481, -0.3938597287356977, -1.174630045890808;
 0, 0, 0, 1]

-----------------------data 7 -------------------------------
G_PM1= [-0.08443048902304351, 0.9661385754608651, 0.2438190836045847, 0.04899999871850014;
 0.3799365757432144, -0.1949922497295499, 0.9042268636564217, -0.1817599982023239;
 0.9211512855855167, 0.1689801040118588, -0.3506080910536593, -1.165179967880249;
 0, 0, 0, 1]

-----------------------data 8 -------------------------------
 G_PM1= [-0.08555676497533116, 0.959763039372699, 0.2674601806270141, 0.1457500010728836;
 0.1905776238688999, -0.2477233208881158, 0.9499017452182345, 0.04961000010371208;
 0.9779367102463432, 0.1322424460687365, -0.1617149535767095, -1.274500012397766;
 0, 0, 0, 1]


-----------------------data 9 -------------------------------
G_PM1= [-0.08588280523705005, 0.9568305213261652, 0.2776679621838179, 0.1333000063896179;
 0.2470425204644629, -0.249542484646918, 0.9363218151035511, 0.01556000020354986;
 0.9651912436647883, 0.149009737315861, -0.2149464150384409, -1.250589966773987;
 0, 0, 0, 1]


-----------------------data 10 -------------------------------
G_PM1= [0.06841330697206249, 0.9695584620237951, 0.2351085029240743, -0.1064400002360344;
 0.3538212416816042, -0.2439218727769041, 0.902946647878985, -0.002499999944120646;
 0.9328076695461045, 0.02141281623375935, -0.3597378808756522, -1.309489965438843;
 0, 0, 0, 1]


-----------------------data 11 -------------------------------
 G_PM1= [0.09100020504067385, 0.9597573420592467, 0.2656780138549764, -0.1491499990224838;
 -0.1274740322411407, -0.2533639259424403, 0.9589353951832302, 0.1253899931907654;
 0.9876585107144775, -0.1211303652863451, 0.09928796915465976, -1.196140050888062;
 0, 0, 0, 1]

-----------------------data 12 -------------------------------
G_PM1= [0.09668997368443477, 0.9632314663388704, 0.2506714807144467, -0.1558600068092346;
 0.04162350586316671, -0.2555443773758763, 0.9659009032769537, -0.09280999749898911;
 0.9944438308665615, -0.08295910707237392, -0.06480164971042135, -1.289829969406128;
 0, 0, 0, 1]

-----------------------data 13 -------------------------------
[-0.01857366519109527, 0.9655844678795363, 0.2594256239294063, 0.002210000064224005;
 0.08988165256565572, -0.2568072685821827, 0.9622740333893591, -0.1467799991369247;
 0.9957792463660988, 0.04119055951491007, -0.08201847543945706, -1.274680018424988;
 0, 0, 0, 1]

-----------------------data 14 -------------------------------
 G_PM1= [-0.01606196703409124, 0.9654933491038487, 0.2599319258021794, 0.001389999990351498;
 0.1340744600429645, -0.2555379668678679, 0.9574572505617283, -0.1764499992132187;
 0.990841083312144, 0.05022887939492926, -0.1253435570563816, -1.280640006065369;
 0, 0, 0, 1]


-----------------------data 15 -------------------------------
G_PM1= [-0.01701351634072612, 0.9650597075427245, 0.2614771522318447, -0.003199999919161201;
 0.2206701552844504, -0.2514421294179456, 0.9423807819138216, -0.239779993891716;
 0.975200093738952, 0.07373341461861427, -0.2086819607446198, -1.250229954719543;
 0, 0, 0, 1]

-----------------------data 16 -------------------------------
G_PM1= [-0.02056426847352433, 0.965126490154566, 0.2609750349441056, 0.002390000037848949;
 0.2437346793498616, -0.2483152107768501, 0.9375142463872581, -0.2472299933433533;
 0.9696239048952788, 0.08288796112088193, -0.2301283749494057, -1.246760010719299;
 0, 0, 0, 1]

 -----------------------data 17 -------------------------------
  G_PM1= [-0.02392958856231897, 0.9644966250048035, 0.2630088119162195, 0.003520000027492642;
 0.2417795313751569, -0.2496907477062499, 0.9376551544773288, -0.2193199992179871;
 0.9700360988124346, 0.08602784935262031, -0.2272205451461538, -1.254009962081909;
 0, 0, 0, 1]

 -----------------------data 18 -------------------------------
 G_PM1= [-0.01711671221709199, 0.9677813821538779, 0.2512095032422278, 0.0006000000284984708;
 -0.2225774123229907, -0.2486300594130645, 0.942678306252911, 0.1152499988675117;
 0.9747647478681604, -0.03977800790117247, 0.2196620049096693, -1.304350018501282;
 0, 0, 0, 1]

 -----------------------data 19 -------------------------------
G_PM1= [-0.01707839523809124, 0.9680399480373052, 0.2502138833478734, 4.999999873689376e-05;
 -0.2363140709276382, -0.2470683917628613, 0.9397408524020442, 0.1033300012350082;
 0.9715266276833069, -0.04307979567784626, 0.2329809925866405, -1.295420050621033;
 0, 0, 0, 1]
 -----------------------data 20 -------------------------------
 G_PM1= [-0.01410969387295669, 0.9678395537851493, 0.2511722808507632, -0.001329999999143183;
 -0.2195660792201529, -0.2480652156932829, 0.9435329276813473, 0.07486999779939651;
 0.9754955937341291, -0.04183595214654673, 0.2160048603927489, -1.260370016098022;
 0, 0, 0, 1]

  -----------------------data 21 -------------------------------
   G_PM1= [0.10840480521369, 0.927169196982779, 0.3586163386864725, -0.07029999792575836;
 -0.1704243590345852, -0.338068667734616, 0.9255620528866731, 0.2482399940490723;
 0.9793895731802706, -0.1614523337163346, 0.1213639480377784, -1.169639945030212;
 0, 0, 0, 1]

  -----------------------data 22 -------------------------------

 G_PM1= [0.1236738366884738, 0.9337343478152745, 0.3359240238934049, -0.08596999943256378;
 0.008170216115574558, -0.3394695554474647, 0.9405815586608774, 0.07511000335216522;
 0.9922892872985063, -0.1135807582043928, -0.04961231377730424, -1.198619961738586;
 0, 0, 0, 1]
  -----------------------data 23 -------------------------------

  G_PM1= [0.1315069147195179, 0.9353699316384854, 0.3283123853398895, -0.0827300027012825;
 0.1009179044041206, -0.3421001747661708, 0.9342285839106167, 0.01603000052273273;
 0.9861650510698672, -0.08972492079444983, -0.1393841118520888, -1.256530046463013;
 0, 0, 0, 1]
  -----------------------data 24 -------------------------------
  G_PM1= [0.1202428599416613, 0.9362102344386092, 0.3302303007984798, -0.06849999725818634;
 0.1536819618858707, -0.3461879638500628, 0.9254921654321323, -0.06449999660253525;
 0.9807769926053321, -0.06053338432428912, -0.1855052564168684, -1.240939974784851;
 0, 0, 0, 1]
  -----------------------data 25 -------------------------------
  G_PM1= [-0.1139286273034312, 0.931811241820276, 0.3445984293320437, 0.1738599985837936;
 0.1849385269772305, -0.320902952488609, 0.9288805285522923, -0.04377000033855438;
 0.9761239722085759, 0.1695556094661838, -0.1357677656084197, -1.2568199634552;
 0, 0, 0, 1]
  -----------------------data 26 -------------------------------
  G_PM1= [0.1100370337950349, 0.948841943595033, 0.2959574585449576, -0.0790800005197525;
 0.4053859402666955, -0.3147171183451978, 0.8582629986516848, -0.2829000055789948;
 0.9074988102624033, 0.02553627802352554, -0.419277721655978, -1.164520025253296;
 0, 0, 0, 1]

  -----------------------data 27 -------------------------------
G_PM1= [0.04682130584220257, 0.937164439327302, 0.3457319467153348, 0.03894000127911568;
 0.1998717464243723, -0.3479017101186528, 0.9159779937737524, -0.1443800032138824;
 0.9787027384760414, 0.02621476219348418, -0.203601905547656, -1.301249980926514;
 0, 0, 0, 1]


  -----------------------data 28 -------------------------------
   G_PM1= [0.04905349057004438, 0.9321516746492423, 0.3587297179096086, 0.03303999826312065;
 0.1800508663778942, -0.3615308770460704, 0.9148098766732182, -0.1871300041675568;
 0.9824334280649575, 0.01971497884634943, -0.1855690680841605, -1.198130011558533;
 0, 0, 0, 1]
  -----------------------data 29 -------------------------------
  G_PM1= [0.03375051240343652, 0.9304462397448827, 0.3648707961143416, 0.04349000006914139;
 -0.009573932599483304, -0.3647610409685204, 0.9310519442040504, -0.1270100027322769;
 0.9993844319015011, -0.03491672860062095, -0.003402842450738186, -1.104069948196411;
 0, 0, 0, 1]

  -----------------------data 30 -------------------------------
 G_PM1= [0.01185293883061389, 0.9359215534294935, 0.3520090249797605, 0.04170000180602074;
 -0.1303697318173388, -0.3475824306737332, 0.9285419683098954, -0.05860000103712082;
 0.9913945939266327, -0.05689727333592937, 0.1178959686332982, -1.141389966011047;
 0, 0, 0, 1]
