-----------data 1 -------------------------------
[ INFO] [1497296316.235725775]: G_CB_l= [0.9795764690852721, -0.1973971979961018, 0.03826600890763118, -0.02563777723974562;
 0.1917868605887666, 0.9744294482344439, 0.1170685718671851, -0.03843065941813737;
 -0.06039653400598496, -0.1073387005548563, 0.9923863471668979, 0.2652705269538428;
 0, 0, 0, 1]
[ INFO] [1497296316.235747634]: G_CB_r= [0.9796192341720061, -0.1963501132218815, 0.04234134005917291, -0.02182639409127025;
 0.1902894761090977, 0.9746885182620276, 0.1173550495304668, -0.03783886848051991;
 -0.06431229526597053, -0.1069061523296366, 0.9921869799950487, 0.2654841170705616;
 0, 0, 0, 1]
[ INFO] [1497296316.235769923]: G_CM1_l= [0.0556868550249271, -0.9981768483710591, 0.023279895907252, -0.002834913013515933;
 0.9982883103556635, 0.05608015883202097, 0.01659714411006208, 0.007635052291776009;
 -0.01787242525981329, 0.02231580519262146, 0.9995912070711394, -0.1791597735677585;
 0, 0, 0, 1]
[ INFO] [1497296316.235796260]: G_CM1_r= [0.05711916349313462, -0.9979958905573596, 0.02723239968249824, -0.0007006871319842345;
 0.998196997362038, 0.05759206618096468, 0.01690882522291678, 0.008038240658004056;
 -0.01844330825140411, 0.02621748164164802, 0.9994861119781072, -0.1790485676631303;
 0, 0, 0, 1]
[ INFO] [1497296317.235977206]: G_PM1= [0.1665892935587083, 0.01435354132706499, 0.9859218950418859, -0.2134300023317337;
 0.04429849286319226, -0.998993401723381, 0.007058813157822669, 0.05717999860644341;
 0.9850307867278366, 0.04249893133385336, -0.1670574453109469, -0.6911299824714661;
 0, 0, 0, 1]
[ INFO] [1497296317.236018771]: G_PM2= [-0.9975687478303604, 0.006327429668125072, 0.06940141919270526, 0.2150699943304062;
 -0.02062341592058395, -0.9780670012626077, -0.2072670156029095, -0.05048999935388565;
 0.06656777048942883, -0.2081943915550201, 0.9758195669574891, -0.834879994392395;
 0, 0, 0, 1]
[ INFO] [1497296317.236048954]: G_M1_M0= [-0.1015265558843575, 0.009113071284166687, -0.9947910888131389, 0.4348067997668652;
 -0.2473506973424649, 0.9683252625771642, 0.03411478241264611, -0.1379477218905863;
 0.9635922327283764, 0.2495258258911, -0.09605660434820482, 0.08821912734318416;
 0, 0, 0, 1]
[ INFO] [1497296317.236069040]:  inv of G_M1_M0= [-0.1015265558843569, -0.2473506973424648, 0.9635922327283759, -0.07498429423697967;
 0.009113071284166697, 0.9683252625771643, 0.2495258258911, 0.1076028880508077;
 -0.9947910888131386, 0.03411478241264623, -0.09605660434820534, 0.4457220160912019;
 0, 0, 0, 1]

 -------------------------data 2 -----------------------------------------
 [ INFO] [1497296346.957010501]: G_CB_l= [0.9782809772849107, -0.205070253350452, 0.03020795711830512, -0.01721727664752023;
 0.2008784949637408, 0.9738789593684311, 0.1058659660162986, -0.0593409526382141;
 -0.0511288543151739, -0.09749853173378134, 0.9939214639830325, 0.2666167116347447;
 0, 0, 0, 1]
[ INFO] [1497296346.957036642]: G_CB_r= [0.9776901712776942, -0.2058520869814417, 0.04179530203716723, -0.01338427818712224;
 0.1993259339789122, 0.9719845188047439, 0.1245602956296463, -0.05865653221870923;
 -0.06626538334928297, -0.11345048915406, 0.9913313701685613, 0.2672640550586564;
 0, 0, 0, 1]
[ INFO] [1497296346.957061785]: G_CM1_l= [0.05638240808790931, -0.9982624607733774, 0.01711968074729006, -0.0001442636797745478;
 0.9983967294553304, 0.05645927420983871, 0.004039921855369832, 0.01314873626639067;
 -0.004999467082370285, 0.01686445274472107, 0.9998452858130163, -0.1791735628090302;
 0, 0, 0, 1]
[ INFO] [1497296346.957088667]: G_CM1_r= [0.05666654354825604, -0.9979793738810329, 0.02874147091425425, -0.001468868114794269;
 0.9980931703200946, 0.05733169329762214, 0.02287138614097788, 0.005409795232900499;
 -0.02447296881614354, 0.02739062342570409, 0.999325186085928, -0.1799816718606857;
 0, 0, 0, 1]
[ INFO] [1497296347.957283852]: G_PM1= [0.1663189628236991, 0.01413782370119734, 0.9859706509558193, -0.2134300023317337;
 0.04389756561344768, -0.9990120710715532, 0.00691994122365561, 0.05717999860644341;
 0.9850944149361833, 0.04213079389614745, -0.1667752675525316, -0.6911200284957886;
 0, 0, 0, 1]
[ INFO] [1497296347.957344722]: G_PM2= [-0.9976881465922499, 0.004205974320475645, 0.06782825317916402, 0.2135200053453445;
 -0.01880064040296685, -0.9762111861223903, -0.2160052221821364, -0.04163999855518341;
 0.06530618707105479, -0.2167810643703257, 0.974033403975813, -0.8562700152397156;
 0, 0, 0, 1]
[ INFO] [1497296347.957383230]: G_M1_M0= [-0.102426999963912, 0.007428329088777738, -0.9947127874946319, 0.4348903985447142;
 -0.2557035770838736, 0.9661730638312076, 0.03354536321950439, -0.1340663173172733;
 0.9613138875231667, 0.2577875688507222, -0.09706275805441589, 0.1105566950962453;
 0, 0, 0, 1]
[ INFO] [1497296347.957412769]:  inv of G_M1_M0= [-0.1024269999639128, -0.2557035770838738, 0.9613138875231674, -0.09601640442312812;
 0.007428329088777712, 0.9661730638312077, 0.2577875688507222, 0.09780061391202537;
 -0.9947127874946327, 0.03354536321950427, -0.09706275805441532, 0.4478192816483963;
 0, 0, 0, 1]
  -------------------------data 3 -------------------------------------------

  [ INFO] [1497296374.288281855]: G_CB_l= [0.9697891592837523, -0.2402526243386713, 0.04228076435087234, -0.02891979210201975;
 0.234946880117472, 0.9665216552692334, 0.1031302740163497, -0.05642516046837057;
 -0.06564259332764788, -0.09008088806179934, 0.9937688280214965, 0.2669122431665084;
 0, 0, 0, 1]
[ INFO] [1497296374.288306191]: G_CB_r= [0.9700902478365271, -0.2391288911300801, 0.04174068134762208, -0.02514166184102224;
 0.232281228943838, 0.9643893411488496, 0.1264856883557509, -0.05568638156081964;
 -0.07050065058427296, -0.1130069560044254, 0.9910898476736648, 0.2675230887182418;
 0, 0, 0, 1]
[ INFO] [1497296374.288329887]: G_CM1_l= [0.0563650341926317, -0.9980516765897486, 0.02675507011494123, -0.004233306576074403;
 0.9984068263628695, 0.05641455013375818, 0.00109891092893187, 0.01453341008240411;
 -0.002606145139374363, 0.02665050449049064, 0.9996414150173627, -0.1787759266273453;
 0, 0, 0, 1]
[ INFO] [1497296374.288357379]: G_CM1_r= [0.05746610097381602, -0.9980062628297371, 0.02609878524929469, -8.392733192788548e-05;
 0.99800608603688, 0.05811039870306231, 0.02463805584699776, 0.004717664337535704;
 -0.02610554485575424, 0.02463089351186358, 0.9993557022464983, -0.1796971558780958;
 0, 0, 0, 1]
[ INFO] [1497296375.288596143]: G_PM1= [0.166041460132785, 0.01410852703835786, 0.9860178411072397, -0.2134300023317337;
 0.04392060573681587, -0.9990112074516319, 0.006898389503640672, 0.05717999860644341;
 0.985140200128228, 0.04216108218298824, -0.1664969346278636, -0.6911600232124329;
 0, 0, 0, 1]
[ INFO] [1497296375.288657043]: G_PM2= [-0.9976424133484165, 0.004470040355372762, 0.06848090118835068, 0.2137600034475327;
 -0.02149858645904369, -0.968004657737468, -0.2500095865738561, -0.05293000116944313;
 0.06517227837516756, -0.2508924098847727, 0.9658186024267705, -0.856249988079071;
 0, 0, 0, 1]
[ INFO] [1497296375.288703555]: G_M1_M0= [-0.1023904025812078, 0.01014979763824185, -0.9946925088021735, 0.4345749481209993;
 -0.2889373377809686, 0.9565326721180879, 0.03950268353766763, -0.1499163683449583;
 0.9518568276244629, 0.2914485010744323, -0.09500710987163961, 0.1026640470461435;
 0, 0, 0, 1]
[ INFO] [1497296375.288733948]:  inv of G_M1_M0= [-0.102390402581207, -0.2889373377809683, 0.9518568276244612, -0.09654160660199762;
 0.01014979763824185, 0.9565326721180878, 0.2914485010744322, 0.1090677739993313;
 -0.9946925088021726, 0.0395026835376678, -0.09500710987164021, 0.4479443586624783;
 0, 0, 0, 1]

  -------------------------data 4 -------------------------------------------
  [ INFO] [1497296403.793611127]: G_CB_l= [0.9849966744544698, -0.1685455081638724, 0.03706700677715101, -0.03209370765821584;
 0.1634102872620314, 0.9799867226818884, 0.1136798195994001, -0.03438076053802742;
 -0.05548539745352575, -0.1059171140325952, 0.9928257327569782, 0.2652498536007578;
 0, 0, 0, 1]
[ INFO] [1497296403.793636545]: G_CB_r= [0.9850066847240626, -0.1668565830329321, 0.0438259255177247, -0.02834773625565106;
 0.1611166372376302, 0.9805536099695306, 0.1120537691510619, -0.03379193059477615;
 -0.06167057851316793, -0.1033126259190802, 0.9927352321095264, 0.265307079242278;
 0, 0, 0, 1]
[ INFO] [1497296403.793661182]: G_CM1_l= [0.05598275831388508, -0.9981666114290096, 0.02300753354659536, -0.002819013627013922;
 0.9982776798511548, 0.05636404689872634, 0.01627169715155272, 0.007850942955861917;
 -0.01753866250780918, 0.02205697271900071, 0.9996028637773654, -0.1788816076071227;
 0, 0, 0, 1]
[ INFO] [1497296403.793680501]: G_CM1_r= [0.05828779078858198, -0.9978616451817949, 0.02957482916379957, -0.001871952795881246;
 0.9981655074617984, 0.05874031835698879, 0.01466951644901628, 0.009056043226368757;
 -0.01637538269827231, 0.02866552065463016, 0.999454918826799, -0.1789410083786785;
 0, 0, 0, 1]
[ INFO] [1497296404.794012158]: G_PM1= [0.1661593398450916, 0.01444883461714104, 0.9859930552293205, -0.2134100049734116;
 0.04418944950817456, -0.9989972767796873, 0.007192603070736919, 0.05719000101089478;
 0.9851083018300107, 0.0423753721514654, -0.1666312140645232, -0.6911299824714661;
 0, 0, 0, 1]
[ INFO] [1497296404.794071526]: G_PM2= [-0.9973587436131579, 0.00706457792005417, 0.07228850722759865, 0.2154700011014938;
 -0.01991859142162852, -0.9837055846173607, -0.1786800842522604, -0.05733999982476234;
 0.06984830888547928, -0.1796480295784736, 0.9812480824003732, -0.8285899758338928;
 0, 0, 0, 1]
[ INFO] [1497296404.794108477]: G_M1_M0= [-0.09779251306551967, 0.008447795130240743, -0.9951709698065792, 0.4350672958032816;
 -0.2192683280040356, 0.975208622994055, 0.02982519023164037, -0.1403880746029664;
 0.9707512682055303, 0.2211261549330525, -0.09351576809222513, 0.0834150292760043;
 0, 0, 0, 1]
[ INFO] [1497296404.794137843]:  inv of G_M1_M0= [-0.09779251306551974, -0.2192683280040356, 0.9707512682055296, -0.06921157963775806;
 0.008447795130240739, 0.9752086229940554, 0.2211261549330525, 0.1147870568481008;
 -0.9951709698065796, 0.02982519023164038, -0.09351576809222506, 0.444954064260146;
 0, 0, 0, 1]
  -------------------------data 5 -------------------------------------------
  [ INFO] [1497296436.602138315]: G_CB_l= [0.9661050242408155, -0.2560320547802475, 0.03299498540169041, -0.02239868959569296;
 0.2513782218655399, 0.9621303673029273, 0.1054236495538528, -0.04827668111032996;
 -0.05873731104138878, -0.09355609674702378, 0.9938798644972584, 0.2658286818902088;
 0, 0, 0, 1]
[ INFO] [1497296436.602173797]: G_CB_r= [0.9657826315353568, -0.2562391511329266, 0.04006751865686824, -0.0185792702274779;
 0.2499719012520079, 0.9608489299674431, 0.1195131054105625, -0.04764349151193611;
 -0.0691227691075649, -0.1054079276292678, 0.9920237958757872, 0.2664025722300246;
 0, 0, 0, 1]
[ INFO] [1497296436.602202091]: G_CM1_l= [0.05726571992139948, -0.9981659642906702, 0.01963020768000522, -0.0008539224125584943;
 0.9983383838686689, 0.0573797434488218, 0.005294934961106751, 0.01259869198722199;
 -0.006411600141835186, 0.01929437154777797, 0.9997932879401609, -0.1789863371505981;
 0, 0, 0, 1]
[ INFO] [1497296436.602222654]: G_CM1_r= [0.05768351200793956, -0.9979778626734692, 0.02669827814905497, -0.0001504740150662653;
 0.998114009893496, 0.05821268016143286, 0.01948607509863759, 0.006894625687383735;
 -0.02100084990558485, 0.02552390021366524, 0.9994535981330629, -0.1793735626735049;
 0, 0, 0, 1]
[ INFO] [1497296437.602615033]: G_PM1= [0.165199046815784, 0.01423612111415227, 0.9861574964409996, -0.2134200036525726;
 0.0446892535053121, -0.9989768652786871, 0.006934930360554484, 0.05719999969005585;
 0.9852472509742389, 0.0429249984693183, -0.1656662275604611, -0.6911600232124329;
 0, 0, 0, 1]
[ INFO] [1497296437.602652735]: G_PM2= [-0.9975722206750174, 0.0002472546539361072, 0.06963909392468064, 0.2139700055122375;
 -0.01890875852385661, -0.9633874902392957, -0.2674453261911998, -0.04616999998688698;
 0.06702330481706244, -0.2681128167685515, 0.9610532732870917, -0.8494099974632263;
 0, 0, 0, 1]
[ INFO] [1497296437.602682894]: G_M1_M0= [-0.099608471466342, 0.007564828619511594, -0.9949979526512088, 0.4350042384358566;
 -0.3071696372141743, 0.9508965927457583, 0.0379800457901252, -0.1421198850735496;
 0.9464274755024027, 0.3094162944520939, -0.09239367046331429, 0.09467777947864031;
 0, 0, 0, 1]
[ INFO] [1497296437.602702963]:  inv of G_M1_M0= [-0.09960847146634133, -0.3071696372141743, 0.9464274755024031, -0.08993045808512959;
 0.007564828619511624, 0.9508965927457582, 0.309416294452094, 0.1025557342720952;
 -0.9949979526512081, 0.03798004579012534, -0.09239367046331488, 0.4469736739384039;
 0, 0, 0, 1]


 ---------------------------data 6 ----------------
 [ INFO] [1497296475.169105336]: G_CB_l= [0.985190455740423, -0.1682339006469547, 0.03312281073653554, -0.006705336251264103;
 0.1641363395114838, 0.9811938557839629, 0.1015769630554628, -0.03795221202417196;
 -0.04958858709167585, -0.09463599761671285, 0.9942761185834349, 0.264610069144978;
 0, 0, 0, 1]
[ INFO] [1497296475.169138829]: G_CB_r= [0.9844769397814844, -0.1705746048321115, 0.04134560708046763, -0.002758591033887256;
 0.1652557853750083, 0.9802060280556036, 0.1090259967326431, -0.03750480993375729;
 -0.05912427960299052, -0.1005009788500894, 0.9931786711421069, 0.2648556481700237;
 0, 0, 0, 1]
[ INFO] [1497296475.169164031]: G_CM1_l= [0.0580657586200766, -0.9980396530694613, 0.02334991599265322, -0.002881001715976744;
 0.9982940822265801, 0.05819186331270634, 0.00475735594484987, 0.01319048539046794;
 -0.006106804996533474, 0.02303384347399002, 0.9997160341754802, -0.1787974259947184;
 0, 0, 0, 1]
[ INFO] [1497296475.169190900]: G_CM1_r= [0.05643626641899721, -0.9979005470776757, 0.03177177953402718, -0.002754218719801679;
 0.9983078269053886, 0.0568488414446055, 0.01223486680954623, 0.0103413196113139;
 -0.01401536913981145, 0.03102752598066729, 0.999420262982192, -0.1789361449582205;
 0, 0, 0, 1]
[ INFO] [1497296476.169385697]: G_PM1= [0.1663144617650176, 0.01429430159946288, 0.9859691540558438, -0.2133899927139282;
 0.04404631827726189, -0.9990045895727599, 0.007053499754002754, 0.05719999969005585;
 0.985088534931775, 0.0422552121559597, -0.1667785219733768, -0.691100001335144;
 0, 0, 0, 1]
[ INFO] [1497296476.169425011]: G_PM2= [-0.9974378726796477, 0.00255917914899362, 0.07149224256086963, 0.2148099988698959;
 -0.01548394725878814, -0.983393365766576, -0.1808251518555215, -0.03175000101327896;
 0.06984223307989178, -0.1814688369069707, 0.9809134129524617, -0.8319500088691711;
 0, 0, 0, 1]
[ INFO] [1497296476.169461551]: G_M1_M0= [-0.09776957074687463, 0.004162054973659176, -0.995200375971778, 0.435562870622749;
 -0.2216520993620381, 0.9747830632316167, 0.02585201124066043, -0.1141285681121902;
 0.9702120685109891, 0.223115792661977, -0.09438159344090664, 0.09146428655698002;
 0, 0, 0, 1]
[ INFO] [1497296476.169485060]:  inv of G_M1_M0= [-0.09776957074687437, -0.2216520993620382, 0.9702120685109901, -0.07145179648051732;
 0.004162054973659177, 0.9747830632316165, 0.223115792661977, 0.0890306318191995;
 -0.9952003759717778, 0.02585201124066049, -0.09438159344090698, 0.445055330737007;
 0, 0, 0, 1]

  ---------------------------data 7 ----------------
  [ INFO] [1497296508.240229769]: G_CB_l= [0.9806273019342207, -0.1948483903728882, 0.0201047126392117, -0.003368090740777365;
 0.1918795971651527, 0.976157335775907, 0.1014843633404758, -0.02315024477848458;
 -0.03939942757134218, -0.09566065324874978, 0.9946339650982531, 0.2626530857188975;
 0, 0, 0, 1]
[ INFO] [1497296508.240265466]: G_CB_r= [0.9798252640710671, -0.1963319639971565, 0.03736591764004847, 0.0005371854181930373;
 0.1920193446882892, 0.9766465283602653, 0.09638531997831094, -0.02266821848407267;
 -0.05541681291398512, -0.08726579258140411, 0.9946424776227867, 0.2629220683975397;
 0, 0, 0, 1]
[ INFO] [1497296508.240289893]: G_CM1_l= [0.05853961574063929, -0.9982050739842677, 0.01263897389036084, 0.001879575512001658;
 0.9982389739198538, 0.05865390816202387, 0.008869611308140013, 0.01103346370126691;
 -0.009595016225881145, 0.01209749268996631, 0.9998807860611391, -0.1792141909578185;
 0, 0, 0, 1]
[ INFO] [1497296508.240309696]: G_CM1_r= [0.05851379673113868, -0.9978363739303242, 0.02997843314266854, -0.001873728690411969;
 0.998271473415523, 0.05865183453582545, 0.003745353171891744, 0.01377884309002005;
 -0.005495539728456109, 0.02970745978983412, 0.9995435287549653, -0.1787888702489941;
 0, 0, 0, 1]
[ INFO] [1497296509.240495018]: G_PM1= [0.1663163573181428, 0.01416749729794793, 0.9859706645274674, -0.2134100049734116;
 0.04417298992954719, -0.9990000444304674, 0.006903491044986953, 0.05720999836921692;
 0.9850825428608038, 0.04240510875162014, -0.1667758690658078, -0.6911500096321106;
 0, 0, 0, 1]
[ INFO] [1497296509.240548437]: G_PM2= [-0.9971134372011751, -0.0028126435108735, 0.07587412200044856, 0.2153100073337555;
 -0.0130623390291596, -0.9780591222254863, -0.207917600819648, -0.02828999981284142;
 0.07479417525412994, -0.2083085271130108, 0.9751991534451122, -0.8191900253295898;
 0, 0, 0, 1]
[ INFO] [1497296509.240585093]: G_M1_M0= [-0.09273484092814864, 0.002094330478840153, -0.9956886376060921, 0.4359423024789017;
 -0.2488726779678044, 0.9682079126934273, 0.02521562925984448, -0.109090043693096;
 0.9640864273700585, 0.2501380650314579, -0.08926538513418171, 0.0745588059053548;
 0, 0, 0, 1]
[ INFO] [1497296509.240609699]:  inv of G_M1_M0= [-0.09273484092814918, -0.2488726779678047, 0.9640864273700598, -0.05860362405356481;
 0.002094330478840142, 0.9682079126934275, 0.250138065031458, 0.08605884080840848;
 -0.9956886376060927, 0.0252156292598444, -0.08926538513418136, 0.4434690918520723;
 0, 0, 0, 1]
  ---------------------------data 8 ----------------
  [ INFO] [1497296533.975883014]: G_CB_l= [0.986869692640384, -0.1569085912034602, 0.03831323210614394, -0.02098444952139875;
 0.151949500593759, 0.9823393421456166, 0.1091822611151849, -0.01847544636450652;
 -0.05476822999861376, -0.1019269879838633, 0.9932831067240379, 0.263263329087711;
 0, 0, 0, 1]
[ INFO] [1497296533.975903960]: G_CB_r= [0.9867103566071428, -0.1572031293958301, 0.04110776413724141, -0.01711615768020322;
 0.1528384981908154, 0.9838039169843863, 0.09364959368280751, -0.01808387708342963;
 -0.05516398857027368, -0.08612217504415878, 0.9947562039669228, 0.2629886847488457;
 0, 0, 0, 1]
[ INFO] [1497296533.975926191]: G_CM1_l= [0.05727537735502922, -0.9979526798725965, 0.02846014553620788, -0.005301779687390554;
 0.9981955806600686, 0.05775761363213666, 0.01642074353464977, 0.008198379774375004;
 -0.01803091510569828, 0.02746828721678787, 0.9994600438726041, -0.1789145063997989;
 0, 0, 0, 1]
[ INFO] [1497296533.975943043]: G_CM1_r= [0.05721598337993949, -0.9978719045908652, 0.03127288400621671, -0.002678288607902229;
 0.9983584600407035, 0.05726902721900487, 0.000802363100845721, 0.01549711976534063;
 -0.002591623240982402, 0.03117564032363538, 0.999510561694767, -0.1787607260235097;
 0, 0, 0, 1]
[ INFO] [1497296534.976143203]: G_PM1= [0.1660369599196863, 0.01426498921627232, 0.9860163477464702, -0.2134000062942505;
 0.04406934121659632, -0.9990037259963866, 0.007031970568169683, 0.05720999836921692;
 0.9851343162763967, 0.04228552385859769, -0.1665001902901022, -0.6911299824714661;
 0, 0, 0, 1]
[ INFO] [1497296534.976184132]: G_PM2= [-0.9971732596426752, 0.002975573490738259, 0.07507753469582558, 0.2162400037050247;
 -0.01564467490514201, -0.9855379641823736, -0.1687310442757193, -0.04642000049352646;
 0.07348968907754407, -0.1694286490463273, 0.9827986561252625, -0.8117300271987915;
 0, 0, 0, 1]
[ INFO] [1497296534.976215184]: G_M1_M0= [-0.09385985245811987, 0.004511972727530569, -0.9955751956525665, 0.43566713139101;
 -0.2098479299849301, 0.9774341656712638, 0.02421359245465307, -0.1238428261848015;
 0.9732184617944627, 0.2111920781673077, -0.09079499844040952, 0.06878365120282426;
 0, 0, 0, 1]
[ INFO] [1497296534.976236151]:  inv of G_M1_M0= [-0.0938598524581198, -0.2098479299849301, 0.9732184617944625, -0.05203802726537105;
 0.004511972727530578, 0.977434165671264, 0.2111920781673076, 0.1045559290297354;
 -0.9955751956525665, 0.02421359245465308, -0.09079499844040956, 0.4429832807993546;
 0, 0, 0, 1]

-----------------------data 9 -------------------------------
[ INFO] [1497296569.620996962]: G_CB_l= [0.9942176255770613, -0.1031350147439351, 0.02990788734896831, -0.01835462308964741;
 0.09927180741803711, 0.9889376259793863, 0.1102156076706549, -0.03717608025337542;
 -0.04094412343507241, -0.1066092897266644, 0.9934576176667577, 0.2608594682553727;
 0, 0, 0, 1]
[ INFO] [1497296569.621019154]: G_CB_r= [0.9938849475083127, -0.1028399072161321, 0.04020776790840072, -0.01448240899376707;
 0.09859361791245405, 0.9904653775749216, 0.09621660112631858, -0.03661484081339355;
 -0.04971930835532114, -0.0916640022535859, 0.9945479883180716, 0.2606594863068757;
 0, 0, 0, 1]
[ INFO] [1497296569.621041759]: G_CM1_l= [0.05752184538805166, -0.9979934388026583, 0.02646381321725537, -0.004668054149883374;
 0.9981939512137218, 0.05795292044713744, 0.01582070706342723, 0.008118385863158058;
 -0.01732261710862625, 0.02550598201388192, 0.9995245728935411, -0.1788763241282134;
 0, 0, 0, 1]
[ INFO] [1497296569.621059445]: G_CM1_r= [0.05873335127294486, -0.997599080164671, 0.03669425980792187, -0.005225175104515423;
 0.9982660690657023, 0.05883699665714635, 0.001750193268905076, 0.01483300912541262;
 -0.003904971236824761, 0.0365278397796716, 0.9993250062520553, -0.1785146252829798;
 0, 0, 0, 1]
[ INFO] [1497296570.621267490]: G_PM1= [0.1660343347404353, 0.01429464856623253, 0.9860163602647113, -0.2133899927139282;
 0.0443447482669483, -0.9989916540373217, 0.007015587282416826, 0.05722000077366829;
 0.9851224000033915, 0.0425598189157817, -0.1665008072815678, -0.6911200284957886;
 0, 0, 0, 1]
[ INFO] [1497296570.621309906]: G_PM2= [-0.9973101310443949, 0.0003339043488582785, 0.07329659626543154, 0.2103800028562546;
 -0.008724019262059374, -0.9934220246894641, -0.1141778102338676, -0.0437299981713295;
 0.072776328597471, -0.1145101278043636, 0.9907527626134086, -0.8251299858093262;
 0, 0, 0, 1]
[ INFO] [1497296570.621343313]: G_M1_M0= [-0.09428099708452835, -0.002443628035900991, -0.9955426270485704, 0.4315021727682637;
 -0.1568041019485965, 0.9875515543435777, 0.01242582494959566, -0.115772948327806;
 0.9831193046628883, 0.1572766867517433, -0.09349051611555413, 0.09018358732872978;
 0, 0, 0, 1]
[ INFO] [1497296570.621367036]:  inv of G_M1_M0= [-0.09428099708452835, -0.1568041019485965, 0.9831193046628887, -0.06613244376637628;
 -0.002443628035901001, 0.9875515543435777, 0.1572766867517434, 0.1012024100645431;
 -0.9955426270485707, 0.01242582494959567, -0.09349051611555417, 0.4394486911692184;
 0, 0, 0, 1]

-----------------------data 10 -------------------------------
[ INFO] [1497296592.909435840]: G_CB_l= [0.9876255373333748, -0.1533614994410296, 0.03280317814117646, -0.03298441256913903;
 0.1491208162076244, 0.9830767228710167, 0.1064102397457788, -0.03527107996017027;
 -0.04856727479007404, -0.1002018335080817, 0.9937810686368925, 0.2607886271951332;
 0, 0, 0, 1]
[ INFO] [1497296592.909460017]: G_CB_r= [0.9875245156313323, -0.1531310650807841, 0.03669070637541884, -0.0291476970952298;
 0.1480598008167561, 0.9823040393803713, 0.1147042701868964, -0.03472446412877932;
 -0.05360621614332656, -0.1078408601793897, 0.9927218756865209, 0.2611421329910248;
 0, 0, 0, 1]
[ INFO] [1497296592.909501801]: G_CM1_l= [0.05669591873546728, -0.9980240291637923, 0.0270852360228074, -0.004622247851768416;
 0.9983195559323744, 0.0569966276595561, 0.01046177224116623, 0.01061744566220246;
 -0.0119848671969856, 0.02644658100979852, 0.9995783817746177, -0.1788505171704438;
 0, 0, 0, 1]
[ INFO] [1497296592.909530211]: G_CM1_r= [0.05727349720005431, -0.9978791334659383, 0.03093511777484676, -0.002447547231175781;
 0.9981467610281373, 0.05787202978973968, 0.01881147567458827, 0.007463403228000168;
 -0.02056185710278857, 0.02980038860960981, 0.9993443585027141, -0.1789715253688027;
 0, 0, 0, 1]
[ INFO] [1497296593.909723932]: G_PM1= [0.1663091938095674, 0.01435372562215236, 0.9859691793434396, -0.2133899927139282;
 0.04459708167951343, -0.9989803852896545, 0.007020691718365831, 0.05722000077366829;
 0.985064643746837, 0.04280374244499527, -0.1667797567830698, -0.6911200284957886;
 0, 0, 0, 1]
[ INFO] [1497296593.909766513]: G_PM2= [-0.9974189709416228, -1.080462885960556e-05, 0.07180108835536084, 0.2104700058698654;
 -0.01184659301968002, -0.9862701587183497, -0.1647143960177966, -0.0581200011074543;
 0.07081705048630879, -0.1651398616474577, 0.9837244387812465, -0.8275899887084961;
 0, 0, 0, 1]
[ INFO] [1497296593.909801196]: G_M1_M0= [-0.09664889581569476, 0.0005490706096742503, -0.9953183859745951, 0.4310640176118382;
 -0.2066600067176988, 0.9781957839641077, 0.0206070341943177, -0.1362884526604569;
 0.9736275635791377, 0.207684151432676, -0.09442807147581492, 0.084817067065586;
 0, 0, 0, 1]
[ INFO] [1497296593.909826240]:  inv of G_M1_M0= [-0.09664889581569454, -0.2066600067176988, 0.9736275635791375, -0.06908374557128834;
 0.0005490706096742651, 0.9781957839641076, 0.2076841514326759, 0.1154649446119675;
 -0.9953183859745947, 0.02060703419431771, -0.09442807147581508, 0.4398635551366419;
 0, 0, 0, 1]

-----------------------data 11 --------------------------
[ INFO] [1497296623.444480124]: G_CB_l= [0.9983069324221477, -0.0506899436234537, 0.02852715010884192, -0.02471750060932534;
 0.04768229469078466, 0.9940705377045266, 0.09772494482400421, -0.0530165037035913;
 -0.03331167139160812, -0.09619924991019724, 0.9948045219367536, 0.2621145664240443;
 0, 0, 0, 1]
[ INFO] [1497296623.444513786]: G_CB_r= [0.9979902734462078, -0.05098333878050203, 0.03763128051974587, -0.02089522976595421;
 0.04634053815975342, 0.9922441680556036, 0.1153432507028811, -0.05232404193983262;
 -0.04322000265881162, -0.1133675885182172, 0.9926126239594864, 0.2625907193505972;
 0, 0, 0, 1]
[ INFO] [1497296623.444550284]: G_CM1_l= [0.05726942450688634, -0.9980645679069031, 0.02423491913452324, -0.003833698664844745;
 0.9983572675528011, 0.05729443202942106, 0.0003382054569115167, 0.01487611644332006;
 -0.001726076810307731, 0.02417573881462329, 0.9997062340065765, -0.1786244117220756;
 0, 0, 0, 1]
[ INFO] [1497296623.444570475]: G_CM1_r= [0.05783333457723388, -0.9977698200359251, 0.0333270406300315, -0.003981504249004064;
 0.9981264974546361, 0.05845730908078471, 0.01806206228464362, 0.007720456822277899;
 -0.01996998975008427, 0.03222001304331903, 0.9992812768529541, -0.1794556266007061;
 0, 0, 0, 1]
[ INFO] [1497296624.444749842]: G_PM1= [0.1660388590880791, 0.01413816528191848, 0.9860178545823552, -0.2133899927139282;
 0.04419603230727335, -0.9989991737026866, 0.006881981520165541, 0.05722999945282936;
 0.9851283205760679, 0.04243540059679658, -0.1664975338410926, -0.6911399960517883;
 0, 0, 0, 1]
[ INFO] [1497296624.444789867]: G_PM2= [-0.997544339069609, 0.006020547620516046, 0.06977853965601445, 0.2098599970340729;
 -0.01034968387173846, -0.9980320010562044, -0.06184665642945945, -0.05014000087976456;
 0.06926886482346857, -0.06241696783806163, 0.9956434836285384, -0.836899995803833;
 0, 0, 0, 1]
[ INFO] [1497296624.444831266]: G_M1_M0= [-0.09784981843990107, -0.0008246690781882862, -0.9952008505584139, 0.431196015443131;
 -0.1045981324061368, 0.994469574847088, 0.009460200875265546, -0.1188047902206041;
 0.9896891652071504, 0.1050218292754586, -0.09739492618822412, 0.1089507522113811;
 0, 0, 0, 1]
[ INFO] [1497296624.444855666]:  inv of G_M1_M0= [-0.09784981843990043, -0.1045981324061368, 0.9896891652071508, -0.07806168635963202;
 -0.000824669078188274, 0.9944695748470881, 0.1050218292754587, 0.1070611359428791;
 -0.9952008505584133, 0.009460200875265596, -0.09739492618822472, 0.4408618089766125;
 0, 0, 0, 1]

-----------------------data 12 ---------------------------------
[ INFO] [1497296649.074887673]: G_CB_l= [0.9953267189924023, -0.09495847518801598, 0.01753882692161429, -0.01429334093333559;
 0.09253226493258543, 0.9898382982286859, 0.1079718634931565, -0.05324008289872834;
 -0.02761344611353693, -0.1058443732548214, 0.9939992284926729, 0.2617017796725369;
 0, 0, 0, 1]
[ INFO] [1497296649.074913390]: G_CB_r= [0.9948377620189719, -0.09610464700002579, 0.03258410787613809, -0.01040950764617593;
 0.09166801684663652, 0.988811368678484, 0.1176819946278441, -0.05262929682816288;
 -0.04352932285813938, -0.1140875716157707, 0.9925166114752579, 0.2622489997541939;
 0, 0, 0, 1]
[ INFO] [1497296649.074939436]: G_CM1_l= [0.05602885114783718, -0.9983373297121787, 0.01354045576079126, 0.0008875207168505261;
 0.9983688129681173, 0.05616940618972065, 0.01023284422464926, 0.01065050654766537;
 -0.01097638973821874, 0.01294503423906664, 0.9998559621049743, -0.1793355921485517;
 0, 0, 0, 1]
[ INFO] [1497296649.074959253]: G_CM1_r= [0.05630080717870434, -0.9980032459542126, 0.0286311050412234, -0.001857136415222282;
 0.9981802587366368, 0.05688477155610677, 0.02000734448820958, 0.006933934117420583;
 -0.02159606861182609, 0.02745257419377562, 0.9993897968213644, -0.1795716740363768;
 0, 0, 0, 1]
[ INFO] [1497296650.075139279]: G_PM1= [0.1660343347404353, 0.01429464856623253, 0.9860163602647113, -0.2133899927139282;
 0.0443447482669483, -0.9989916540373217, 0.007015587282416826, 0.05722999945282936;
 0.9851224000033915, 0.0425598189157817, -0.1665008072815678, -0.6911200284957886;
 0, 0, 0, 1]
[ INFO] [1497296650.075184813]: G_PM2= [-0.9975720749870837, 0.002506491914553655, 0.06959649922407402, 0.2094999998807907;
 -0.009960782468009669, -0.9942125454473909, -0.1069682069011385, -0.03954999893903732;
 0.06892559770208198, -0.1074017317053225, 0.9918236385608625, -0.8405699729919434;
 0, 0, 0, 1]
[ INFO] [1497296650.075225179]: G_M1_M0= [-0.09817277398725852, -0.00137574272134216, -0.9951684348790466, 0.431200169643691;
 -0.1494757930362088, 0.9886748664095777, 0.01337893217713569, -0.1133310417389078;
 0.9838796134405079, 0.1500670378929651, -0.09726659444119685, 0.1084439417995352;
 0, 0, 0, 1]
[ INFO] [1497296650.075256631]:  inv of G_M1_M0= [-0.0981727739872585, -0.1494757930362089, 0.9838796134405079, -0.08130391407953697;
 -0.001375742721342169, 0.9886748664095774, 0.150067037892965, 0.09636691192280844;
 -0.9951684348790467, 0.01337893217713571, -0.09726659444119688, 0.4411810191715005;
 0, 0, 0, 1]

 ------------------data 13 ------------------------------------------
 [ INFO] [1497296671.251531239]: G_CB_l= [0.9919787553636026, -0.122114748954107, 0.0326517533243359, -0.01379944060384631;
 0.1181184526851251, 0.987477571224373, 0.1045757020731166, -0.03896602153427556;
 -0.0450131096742907, -0.09988010020363813, 0.9939807772491184, 0.2609949808600758;
 0, 0, 0, 1]
[ INFO] [1497296671.251567090]: G_CB_r= [0.9918639951665488, -0.1225923929469548, 0.03430627178508328, -0.009918865139402874;
 0.1183939350147756, 0.9873661963108654, 0.1053132020894377, -0.03844794604785629;
 -0.04678345053509483, -0.1003947188558894, 0.9938471759691614, 0.2607110521227238;
 0, 0, 0, 1]
[ INFO] [1497296671.251599309]: G_CM1_l= [0.0571083717381366, -0.9979182426321912, 0.02996355952315811, -0.006031585865897637;
 0.9983007830004723, 0.05742702587482151, 0.009883489253091376, 0.01081353744655476;
 -0.01158363233455685, 0.02934821495511463, 0.9995021269316472, -0.1786038405366138;
 0, 0, 0, 1]
[ INFO] [1497296671.251630868]: G_CM1_r= [0.05677695914061155, -0.9978848682142146, 0.03165701659734445, -0.002912752207343008;
 0.9983097487781458, 0.05713817781930126, 0.01062422373658396, 0.01101232096729045;
 -0.01241057634682666, 0.03100029716936778, 0.9994423240838617, -0.1789366070332053;
 0, 0, 0, 1]
[ INFO] [1497296672.251845661]: G_PM1= [0.1657612667688846, 0.01410877234000412, 0.986064980101328, -0.2133799940347672;
 0.04421913364878884, -0.998998299726257, 0.006860420059890928, 0.05724000185728073;
 0.9851740306456139, 0.04246574722179675, -0.1662191013523096, -0.6911200284957886;
 0, 0, 0, 1]
[ INFO] [1497296672.251913884]: G_PM2= [-0.9973580004745953, -0.001373356431133676, 0.07263010933098002, 0.2101500034332275;
 -0.008342415069139717, -0.9910409305867488, -0.1332977044534721, -0.03911000117659569;
 0.07216247639965828, -0.1335514425001245, 0.988411143809096, -0.8284500241279602;
 0, 0, 0, 1]
[ INFO] [1497296672.251960970]: G_M1_M0= [-0.09459962221162636, -0.002673005018809748, -0.9955118113420788, 0.4315173122672399;
 -0.175622033569169, 0.9843574664437442, 0.01404562499436716, -0.1132457580381405;
 0.9799019404014088, 0.176162519568216, -0.09358928302391614, 0.09213423381254171;
 0, 0, 0, 1]
[ INFO] [1497296672.251995344]:  inv of G_M1_M0= [-0.09459962221162675, -0.175622033569169, 0.9799019404014099, -0.06934959009178965;
 -0.002673005018809748, 0.9843574664437444, 0.1761625195682162, 0.09639715664241447;
 -0.9955118113420793, 0.01404562499436711, -0.09358928302391595, 0.4397939654947058;
 0, 0, 0, 1]

--------------------------data 14 ------------------------------------
[ INFO] [1497296696.020640551]: G_CB_l= [0.9938669411124551, -0.1065433202510823, 0.02961459561849398, -0.01439920735051897;
 0.1029331573225562, 0.9891983983144848, 0.1043613620822762, -0.02394821083889664;
 -0.04041371657471653, -0.1006729838731989, 0.994098426631229, 0.2592583394423584;
 0, 0, 0, 1]
[ INFO] [1497296696.020674741]: G_CB_r= [0.9935192820765456, -0.1076931603745617, 0.03635408299825803, -0.01047776696302856;
 0.1037809509617882, 0.9899290244916651, 0.09628105050552299, -0.02350966898351255;
 -0.04635677253187721, -0.09188421887091983, 0.9946900723154467, 0.2591882673845073;
 0, 0, 0, 1]
[ INFO] [1497296696.020716901]: G_CM1_l= [0.05870477042459747, -0.9979147150790845, 0.02683228201299422, -0.004776018763604992;
 0.9981928792685507, 0.05902428159968008, 0.01127430526474028, 0.01012103102365787;
 -0.01283455129547557, 0.02612193733763302, 0.9995763696100323, -0.17877914724014;
 0, 0, 0, 1]
[ INFO] [1497296696.020734144]: G_CM1_r= [0.05814672654746295, -0.9977406651147785, 0.03365298453531033, -0.00386239833857957;
 0.9982949930601858, 0.05828531378443143, 0.003151036022341597, 0.01412931456682837;
 -0.00510539154015556, 0.03341238353319988, 0.9994286105589789, -0.1786127177149421;
 0, 0, 0, 1]
[ INFO] [1497296697.020919119]: G_PM1= [0.1660388590880791, 0.01413816528191848, 0.9860178545823552, -0.2133899927139282;
 0.04419603230727335, -0.9989991737026866, 0.006881981520165541, 0.0572500005364418;
 0.9851283205760679, 0.04243540059679658, -0.1664975338410926, -0.6911100149154663;
 0, 0, 0, 1]
[ INFO] [1497296697.020978270]: G_PM2= [-0.9971945318360556, -0.0005065244353199489, 0.07485191453307231, 0.2112099975347519;
 -0.008439689490828139, -0.9928399067593672, -0.119154064921636, -0.03994999825954437;
 0.07437632229122614, -0.1194515089023469, 0.9900502511001061, -0.8123499751091003;
 0, 0, 0, 1]
[ INFO] [1497296697.021018193]: G_M1_M0= [-0.09267582167494985, -0.002511069250334278, -0.9956931689070149, 0.4316058330392165;
 -0.1616387516896743, 0.9867701125133116, 0.01255623361802952, -0.11077126365571;
 0.9824887307389731, 0.1621062601557594, -0.09185561708048379, 0.0766697558853171;
 0, 0, 0, 1]
[ INFO] [1497296697.021047428]:  inv of G_M1_M0= [-0.09267582167494932, -0.1616387516896741, 0.9824887307389714, -0.05323267470961834;
 -0.002511069250334277, 0.9867701125133113, 0.1621062601557592, 0.09796091704277257;
 -0.9956931689070146, 0.01255623361802958, -0.09185561708048412, 0.4381803972204507;
 0, 0, 0, 1]

--------------------------data 15 ------------------------------------

[ INFO] [1497296719.140236862]: G_CB_l= [0.9923724719258732, -0.1206706749150788, 0.02520843468506852, -0.03488067434110452;
 0.1173229121059714, 0.9872719959270958, 0.1073747659047643, -0.03470646355655663;
 -0.03784456709630194, -0.1035982348964875, 0.9938989860481928, 0.2604528196896362;
 0, 0, 0, 1]
[ INFO] [1497296719.140260635]: G_CB_r= [0.9920672290619019, -0.1202822992210616, 0.0365346618368757, -0.03103738304469551;
 0.1157135017166979, 0.9873393333939545, 0.1084962038674223, -0.03412002493115485;
 -0.04912228152172503, -0.1034079746793085, 0.9934252826613705, 0.2609603786338223;
 0, 0, 0, 1]
[ INFO] [1497296719.140302782]: G_CM1_l= [0.05685149666726566, -0.9981911927639426, 0.01955121518446129, -0.001443475193739108;
 0.9983028596916786, 0.05708362222360809, 0.01152650880572928, 0.01008818567135476;
 -0.01262171375479691, 0.01886273475214096, 0.9997424116138929, -0.1789900507924211;
 0, 0, 0, 1]
[ INFO] [1497296719.140329809]: G_CM1_r= [0.05826723850696038, -0.9978259804192773, 0.03079353368940878, -0.002466543074529148;
 0.9981965336902948, 0.05867969195005816, 0.01266388097409551, 0.01010830681067146;
 -0.01444330451983777, 0.03000010921570183, 0.999445538487012, -0.1788830083558158;
 0, 0, 0, 1]
[ INFO] [1497296720.140498387]: G_PM1= [0.166041460132785, 0.01410852703835786, 0.9860178411072397, -0.2133899927139282;
 0.04392060573681587, -0.9990112074516319, 0.006898389503640672, 0.05724000185728073;
 0.985140200128228, 0.04216108218298824, -0.1664969346278636, -0.6911200284957886;
 0, 0, 0, 1]
[ INFO] [1497296720.140535374]: G_PM2= [-0.9974271000006207, 0.002115585575817657, 0.07165685230334304, 0.2107400000095367;
 -0.01162672884843555, -0.9911045189471945, -0.1325769651890365, -0.06026000156998634;
 0.07073895221613538, -0.1330689927072473, 0.9885791034708563, -0.8244400024414062;
 0, 0, 0, 1]
[ INFO] [1497296720.140595858]: G_M1_M0= [-0.09643711949080865, 0.0005254359943616545, -0.9953389402114902, 0.4311035232523065;
 -0.174270250009091, 0.9845440372429662, 0.0174045594914034, -0.1350928223086524;
 0.9799641636029787, 0.1751364115377972, -0.09485502310146113, 0.08582772620782497;
 0, 0, 0, 1]
[ INFO] [1497296720.140628356]:  inv of G_M1_M0= [-0.09643711949080774, -0.1742702500090908, 0.9799641636029776, -0.06607637386056819;
 0.0005254359943616812, 0.9845440372429661, 0.1751364115377972, 0.1177467553914074;
 -0.9953389402114891, 0.01740455949140348, -0.09485502310146178, 0.4395865459703115;
 0, 0, 0, 1]


------------------------------data 16 ------------------------------------------

[ INFO] [1497296753.406847349]: G_CB_l= [0.9961412926031616, -0.08041916283243533, 0.03514659898528764, -0.02072683115514422;
 0.0765631144366353, 0.9920455600040581, 0.09991844866688789, -0.04231296876868322;
 -0.04290238546590455, -0.09684195952976722, 0.9943746880305079, 0.2614197229720145;
 0, 0, 0, 1]
[ INFO] [1497296753.406873915]: G_CB_r= [0.9960714470415606, -0.08066481578618781, 0.03653573432561651, -0.0168767846554946;
 0.07628503018741914, 0.9911586614702066, 0.1085592094752583, -0.0417250307526937;
 -0.04496961816422504, -0.1053455992757593, 0.9934183600857168, 0.2613701894354545;
 0, 0, 0, 1]
[ INFO] [1497296753.406900614]: G_CM1_l= [0.05775663831784167, -0.9978250113884932, 0.03177132949336619, -0.007044629295006197;
 0.9983086470202368, 0.05793759934022631, 0.004804151050508673, 0.01300035006503573;
 -0.006634456635378747, 0.03144012134590807, 0.9994836180522959, -0.1784998161981038;
 0, 0, 0, 1]
[ INFO] [1497296753.406920399]: G_CM1_r= [0.05763717888030349, -0.9977861324443394, 0.03317814811721143, -0.003820148345422325;
 0.9982189547916408, 0.05811083261073813, 0.01349256936137505, 0.009764651149961133;
 -0.01539070841139688, 0.03234138270164859, 0.9993583746882501, -0.1790322444107056;
 0, 0, 0, 1]
[ INFO] [1497296754.407102202]: G_PM1= [0.1665964295932045, 0.014167317711807, 0.9859233828019544, -0.2133799940347672;
 0.04387432049011301, -0.9990129409470347, 0.006941744873391748, 0.05727000162005424;
 0.9850485641065253, 0.04210024856469533, -0.167053570516956, -0.6911200284957886;
 0, 0, 0, 1]
[ INFO] [1497296754.407139386]: G_PM2= [-0.997404487436005, 0.00259222857669584, 0.071955324983815, 0.2102700024843216;
 -0.009184737130037387, -0.9957681728992522, -0.09144061704044425, -0.04619000107049942;
 0.07141378750894244, -0.09186417251513908, 0.9932074530337239, -0.8284800052642822;
 0, 0, 0, 1]
