
--------------------------this is without camera-------------------------------------
[ INFO] [1494522705.039928314]: G_base_T2= [0.02106705989740874, -0.3931941917477594, 0.9192140700419602, 0.3763732031774743;
 0.2409535759979485, 0.8943135776602673, 0.3770206877961656, -0.1346534797913653;
 -0.9703079682250783, 0.2135451998718749, 0.1135821042708802, -0.06600622287558007;
 0, 0, 0, 1]





--------------------------this is using camera-------------------------------------

[ INFO] [1494522847.491456839]: G_CB_l= [0.9980618586778757, -0.05276497267398342, 0.03299066400026015, -0.006369330390097333;
 0.05075715535047048, 0.996967257350923, 0.05899151592311253, -0.04689012080690239;
 -0.03600329753220505, -0.05720266977067082, 0.9977131938277228, 0.2963601760465316;
 0, 0, 0, 1]
[ INFO] [1494522847.491480345]: G_CB_r= [0.9978708594208519, -0.05359819897028595, 0.03716155252182315, -0.001778323892655802;
 0.05131751774141033, 0.9968888950496075, 0.05982510593080956, -0.04638268437313856;
 -0.04025245696290623, -0.0577906912392834, 0.9975169049768206, 0.295959543489547;
 0, 0, 0, 1]
[ INFO] [1494522847.491522352]: G_CM1_l= [-0.4235372848824989, -0.8847523230849488, 0.1944980593994372, 0.0009793662050450042;
 0.1091999373557946, 0.1632758469266658, 0.9805184197616433, -0.60862234143104;
 -0.8992727850857331, 0.4365252851853671, 0.02746148936205969, -0.1816353456570578;
 0, 0, 0, 1]
[ INFO] [1494522847.491541470]: G_CM1_r= [-0.4273895838156138, -0.883001004064463, 0.194029303114417, 0.003888993406305052;
 0.1082158099075906, 0.1631091543463885, 0.9806552616768289, -0.6085003177104569;
 -0.8975675362511502, 0.440118882336984, 0.02584351521143197, -0.1816055909199322;
 0, 0, 0, 1]
[ INFO] [1494522847.491565934]: camera_point = [-0.007160804980207085;
 -0.03193561194663855;
 0.2955021359999716;
 1]
[ INFO] [1494522848.491751410]: G_PM1= [0.02963734770112691, -0.02071772235936048, 0.9993459879348509, -0.2778500020503998;
 0.5635867836390629, -0.8253640448370007, -0.03382500255257548, 0.1484899967908859;
 0.8255250238052257, 0.5642206744444466, -0.01278536666800345, -0.9217000007629395;
 0, 0, 0, 1]
[ INFO] [1494522848.491786184]: G_PM2= [-0.0563536870191923, -0.2497301334883166, 0.9666742586762361, 0.2470600008964539;
 0.856789195904941, -0.5091710403758667, -0.08159120922698937, -0.3705500066280365;
 0.5125783215664782, 0.8236380953249219, 0.2426597457132667, -0.9914399981498718;
 0, 0, 0, 1]
[ INFO] [1494522848.491822531]: G_M1_M0= [0.9043511244735455, -0.4167881899633127, -0.09185122955376721, 0.5100356919977511;
 0.3855704504847645, 0.8901389506112329, -0.2428746102780379, -0.0757537748164977;
 0.1829876262931701, 0.1842288069543923, 0.9656993710838547, -0.5328429994545644;
 0, 0, 0, 1]
[ INFO] [1494522848.491862294]:  inv of G_M1_M0= [0.9043511244735462, 0.3855704504847648, 0.1829876262931703, -0.3345392588407673;
 -0.4167881899633126, 0.8901389506112328, 0.1842288069543922, 0.3781732685879395;
 -0.09185122955376715, -0.242874610278038, 0.9656993710838546, 0.5430148863503602;
 0, 0, 0, 1]




	Cam_left_arm_1 = (cv::Mat_<double>(4,4) << -0.8361,0.5340, 0.1264, -0.1142,
	0.5132, 0.8424, -0.1641, -0.0262,
	-0.1942, -0.0723, -0.9783, 0.1273,
	0,0, 0,1.0000);

	Cam_right_arm_1 = (cv::Mat_<double>(4,4) << -0.8361,0.5340, 0.1264, -0.1192,
			0.5132, 0.8424, -0.1641, -0.0262,
			-0.1942, -0.0723, -0.9783, 0.1273,
			0,0, 0,1.0000);