[ INFO] [1487707381.105247903]: LEFT G_CM_l: [-0.06167754231627182, -0.9942458145680465, 0.0875850500242258, -0.03457516576015347;
 0.9960746772505071, -0.06689728241293352, -0.05796542888708075, 0.03477735900005458;
 0.06349108688724302, 0.08366608524178652, 0.9944691388204014, -0.1746582892130317;
 0, 0, 0, 1]
[ INFO] [1487707381.105265665]: RIGHT G_CM_r: [-0.06167853306116242, -0.9967385679445863, 0.05203831022620298, -0.02309231136520845;
 0.9976810756736396, -0.06307236343065131, -0.02558023092081117, 0.03404898161278765;
 0.02877898195060487, 0.05033988620415535, 0.9983174174854608, -0.176727553486236;
 0, 0, 0, 1]
[ INFO] [1487707381.105284592]: THE solvePnpCamBoard is : [0.9895344697758145, -0.1052018541880222, 0.09876286245800925, -0.06845006100536284;
 0.1008454493733451, 0.9937374735334797, 0.04812513933470425, -0.03185964924642751;
 -0.1032072113090245, -0.03766169898847793, 0.9939466122298096, 0.3110827073020622;
 0, 0, 0, 1]
[ INFO] [1487707381.105312793]: THE G_CB is : [0.9903928462753314, -0.1057169363117001, 0.08913999901007681, -0.06841989438976098;
 0.1017167321654479, 0.9936403855031331, 0.04829586622855422, -0.03172229252162507;
 -0.09367879399432422, -0.03876485101289434, 0.9948475108687345, 0.3113114734522481;
 0, 0, 0, 1]
[ INFO] [1487707381.105335889]: THE diffMat is : [0.9999531991896273, -0.000888394688651142, -0.009633804300894555, 0.002995569077644464;
 0.0008892396732553551, 0.9999996011462684, 8.342725069854229e-05, 0.0001722597523351049;
 0.009633726342089227, -9.19901072244933e-05, 0.9999535903503649, 0.0008997017729139856;
 0, 0, 0, 1]

 -----------------------------------------MOVE THE BOARD-------------------------------------------------


[ INFO] [1487707990.695139873]: LEFT G_CM_l: [-0.0716500654328384, -0.9950790365306169, -0.06843960242994832, 0.04036309467436654;
 0.9927075754294707, -0.06447380004789609, -0.1018567562428911, 0.05591463909283123;
 0.09694296162388367, -0.07523855504117076, 0.9924420497071386, -0.1730968920728028;
 0, 0, 0, 1]
[ INFO] [1487707990.695157357]: RIGHT G_CM_r: [-0.06493804313788822, -0.997685118123753, -0.02018553015937636, 0.01164635106575314;
 0.9959182349473666, -0.06352574366978542, -0.06411980341923271, 0.05260821981648706;
 0.0626890728336455, -0.02426695212823401, 0.9977380393578584, -0.1767270975061225;
 0, 0, 0, 1]
[ INFO] [1487707990.695184082]: THE solvePnpCamBoard is : [0.9977238560681725, -0.04161431903200386, -0.05305992352010248, -0.01670476283745959;
 0.041376696080201, 0.9991280946023717, -0.005569524012040859, -0.01006743587439389;
 0.05324543223548104, 0.003361402644227681, 0.998575798283896, 0.3012310034682948;
 0, 0, 0, 1]
[ INFO] [1487707990.695213915]: THE G_CB is : [0.9944973324006074, -0.04718193006717214, 0.09353566872168259, -0.01660501939162745;
 0.04372598552967777, 0.9982952549952906, 0.03866034199729115, -0.01000726954882011;
 -0.09520028381015617, -0.03435766768896814, 0.9948650444323798, 0.3059161730417259;
 0, 0, 0, 1]
[ INFO] [1487707990.695236984]: THE diffMat is : [0.9892341617938322, -0.00651272716529321, 0.1461962979179879, -0.04418452131643765;
 3.176687390427351e-05, 0.9990187530850347, 0.04428916318118466, -0.01329045072456423;
 -0.1463412864878546, -0.04380770901672815, 0.988263685713376, 0.005334883517571776;
 0, 0, 0, 1]

 --------------------------------MOVE THE TRACKER-------------------------------------------
 [ INFO] [1487708289.655360217]: LEFT G_CM_l: [-0.07300411148509126, -0.9950811751364462, -0.06696159044811938, 0.03967226874049276;
 0.9926730442410577, -0.06601725969322696, -0.1012025131100394, 0.05594621245297651;
 0.09628409496621437, -0.07385916538701427, 0.99260979077625, -0.1731277098663296;
 0, 0, 0, 1]
[ INFO] [1487708289.655378772]: RIGHT G_CM_r: [-0.06641335672415845, -0.9975562051149329, -0.02169985450005579, 0.01237749882814708;
 0.9957718300684205, -0.06487993553737806, -0.06503119564373677, 0.05339028879690582;
 0.06346438757931845, -0.02592704382222502, 0.9976472622664899, -0.1766643808797024;
 0, 0, 0, 1]
[ INFO] [1487708289.655397981]: THE solvePnpCamBoard is : [0.9978249015560789, -0.0413981106423513, -0.05129972972487326, -0.01670392459451176;
 0.04111765100949481, 0.9991330978392516, -0.006510881476559198, -0.01005833147714538;
 0.05152479607007479, 0.004387395284682247, 0.9986620780587161, 0.3011698044758603;
 0, 0, 0, 1]
[ INFO] [1487708289.655426664]: THE G_CB is : [0.9945474487351251, -0.04524474409656129, 0.093958955646019, -0.01666640143592356;
 0.04192235954911253, 0.9984340984333188, 0.03703872102922201, -0.01031253360873208;
 -0.09548763262480028, -0.03289778438257335, 0.9948868517567357, 0.3057805283373297;
 0, 0, 0, 1]
[ INFO] [1487708289.655450379]: THE diffMat is : [0.989437188019198, -0.004923822044539678, 0.1448785937988646, -0.04382150045764523;
 -0.001402187364101114, 0.9990511479827924, 0.0435297321937566, -0.01339700896537609;
 -0.144955458107857, -0.04327308275057289, 0.9884914544263919, 0.005220170229534749;
 0, 0, 0, 1]



------------------------------------THE NEW DATA--------------------------------------------------------------------

[ INFO] [1487709258.569206252]: Left camera pose: [0.9962959686340581, -0.02689375038320102, -0.08167661277165063, -0.009469869734335577;
 0.02593650882088134, 0.9995821713099475, -0.01275853868885904, -0.009105878857790777;
 0.0819856108942809, 0.01059287447376033, 0.9965772175886196, 0.2968570713560577;
 0, 0, 0, 1]
[ INFO] [1487709258.569251966]: Right camera pose: [0.9991030846539288, -0.02538228689575277, -0.03389344696170714, -0.01494472407384772;
 0.02655669974378271, 0.9990462004245277, 0.03466166637703596, 0.005590788199823512;
 0.032981327046117, -0.03553067589078585, 0.998824210327834, 0.2981068825517055;
 0, 0, 0, 1]
[ INFO] [1487709258.569288780]: g_bm:[0, -1, 0, -0.08;
 0, 0, 1, 0;
 -1, 0, 0, 0;
 0, 0, 0, 1]
[ INFO] [1487709258.569309449]: LEFT G_CM_l: [-0.07425720724503337, -0.9945798141783291, -0.07277953284522158, 0.04201957790798938;
 0.992129776419003, -0.06630153694443586, -0.1062196448006952, 0.05796631996180686;
 0.1008185197022276, -0.08009431582706818, 0.9916756156411459, -0.1734136100486479;
 0, 0, 0, 1]
[ INFO] [1487709258.569327953]: RIGHT G_CM_r: [-0.06837997096091751, -0.9973376851677445, -0.02533221892430641, 0.01404114127766196;
 0.9960236327756499, -0.06679242805765662, -0.05895502104622991, 0.05017544021768921;
 0.05710606380922034, -0.02926283134639724, 0.9979391685758255, -0.1767366551279427;
 0, 0, 0, 1]
[ INFO] [1487709258.569347210]: THE solvePnpCamBoard is : [0.9962959686340581, -0.02689375038320102, -0.08167661277165063, -0.009469869734335577;
 0.02593650882088134, 0.9995821713099475, -0.01275853868885904, -0.009105878857790777;
 0.0819856108942809, 0.01059287447376033, 0.9965772175886196, 0.2968570713560577;
 0, 0, 0, 1]
[ INFO] [1487709258.569375702]: THE G_CB is : [0.9971292183835251, -0.0299857604168054, 0.06952823899745036, -0.009611043363254149;
 0.0275447698755189, 0.9989791251647019, 0.03580493175067345, -0.009149013886529125;
 -0.07053089747313111, -0.03378700426779013, 0.9969372251271605, 0.301256219069547;
 0, 0, 0, 1]
[ INFO] [1487709258.569398403]: THE diffMat is : [0.9885634189851458, -0.004998259464864632, 0.1507228716775303, -0.04503814037908881;
 -0.002347977592190838, 0.9988193195852971, 0.04852271451999993, -0.01448043213015482;
 -0.1507874452520034, -0.04832167448966133, 0.987384505716435, 0.006276197621999324;
 0, 0, 0, 1]

--------------------------------------Move the board_ test1-----------------------------------------------------------------

[ INFO] [1487709389.836707258]: Left camera pose: [0.992200254013668, -0.03336942849675047, -0.1201046925686635, 0.01890201374059866;
 0.03250422872409925, 0.9994296576818106, -0.009156116047228158, -0.01035655747006745;
 0.1203417261396243, 0.005180790269748966, 0.9927190077569366, 0.2977688703974706;
 0, 0, 0, 1]
[ INFO] [1487709389.836744382]: Right camera pose: [0.9981500723595483, -0.0357272138812368, -0.049193487749017, 0.01358425755024546;
 0.03860892239667103, 0.9975151068932673, 0.05893184734149633, 0.004251775223175064;
 0.04696577647602729, -0.06072213523911981, 0.9970491653534473, 0.2998008465086018;
 0, 0, 0, 1]
[ INFO] [1487709389.836771558]: g_bm:[0, -1, 0, -0.08;
 0, 0, 1, 0;
 -1, 0, 0, 0;
 0, 0, 0, 1]
[ INFO] [1487709389.836801802]: LEFT G_CM_l: [-0.07225652115106561, -0.9910105854907511, -0.1125922492733156, 0.06120993235664825;
 0.9927572426181884, -0.06059818807439193, -0.1037348390427887, 0.05698524223726356;
 0.09597943727840003, -0.1192722895201541, 0.9882115505155473, -0.1739202396179313;
 0, 0, 0, 1]
[ INFO] [1487709389.836831600]: RIGHT G_CM_r: [-0.0680413097778744, -0.9968083745780068, -0.04175457501716048, 0.02205907147386361;
 0.9971413609868207, -0.06656657154662576, -0.03574909456028472, 0.03912472449781548;
 0.03285553793599436, -0.04406762897729256, 0.9984881359852286, -0.1771976329548184;
 0, 0, 0, 1]
[ INFO] [1487709389.836858331]: THE solvePnpCamBoard is : [0.992200254013668, -0.03336942849675047, -0.1201046925686635, 0.01890201374059866;
 0.03250422872409925, 0.9994296576818106, -0.009156116047228158, -0.01035655747006745;
 0.1203417261396243, 0.005180790269748966, 0.9927190077569366, 0.2977688703974706;
 0, 0, 0, 1]
[ INFO] [1487709389.836894303]: THE G_CB is : [0.9966122839851728, -0.04229086774507304, 0.07053678412875496, 0.01874250091809643;
 0.03976276458767306, 0.9985287349772821, 0.0368685228482567, -0.0104754113213324;
 -0.07199220764918325, -0.03393888522087796, 0.9968276050088907, 0.2996088405141323;
 0, 0, 0, 1]
[ INFO] [1487709389.836925376]: THE diffMat is : [0.9817783846379484, -0.01051847682670524, 0.1897381487812791, -0.05642213704221487;
 0.001704209298249151, 0.9989141173049683, 0.04655837110018446, -0.01402594641542233;
 -0.1900218385564367, -0.04538664885272816, 0.9807302141657259, 0.01069965844352522;
 0, 0, 0, 1]


--------------------------------------Move the board _ test2----------------------------------------------------------------
[ INFO] [1487709538.785596641]: Left camera pose: [0.9957923665048669, -0.05117748204457025, 0.07601597294131361, -0.06827086508648288;
 0.04989442572366635, 0.998579712557099, 0.01868432367219135, -0.01496192614076397;
 -0.07686422504873365, -0.01481293357034177, 0.9969315261875804, 0.3046305735221699;
 0, 0, 0, 1]
[ INFO] [1487709538.785622661]: Right camera pose: [0.9979438593947842, -0.04954323975296909, 0.04066350810029698, -0.07385307105986218;
 0.04756449882164785, 0.9977013713187518, 0.04826584838711111, -3.843197890116142e-05;
 -0.0429612842928206, -0.0462324676332765, 0.9980064563861546, 0.3021313075142059;
 0, 0, 0, 1]
[ INFO] [1487709538.785642616]: g_bm:[0, -1, 0, -0.08;
 0, 0, 1, 0;
 -1, 0, 0, 0;
 0, 0, 0, 1]
[ INFO] [1487709538.785673966]: LEFT G_CM_l: [-0.06183647305409997, -0.9941712061014676, 0.08831683621474759, -0.03476098992797919;
 0.9940705447198659, -0.06927571384712632, -0.08381305143783227, 0.04747573077593798;
 0.08944273430849033, 0.08261046198711182, 0.9925600782067034, -0.1734062867689981;
 0, 0, 0, 1]
[ INFO] [1487709538.785701575]: RIGHT G_CM_r: [-0.06389454549887041, -0.9965482348551162, 0.05300096850666564, -0.02335835363816935;
 0.9962890785818996, -0.06676672516179184, -0.05431644603248075, 0.04818132663619816;
 0.05766765951486518, 0.04933376144509492, 0.9971161522248831, -0.1760587707214564;
 0, 0, 0, 1]
[ INFO] [1487709538.785719597]: THE solvePnpCamBoard is : [0.9957923665048669, -0.05117748204457025, 0.07601597294131361, -0.06827086508648288;
 0.04989442572366635, 0.998579712557099, 0.01868432367219135, -0.01496192614076397;
 -0.07686422504873365, -0.01481293357034177, 0.9969315261875804, 0.3046305735221699;
 0, 0, 0, 1]
[ INFO] [1487709538.785749155]: THE G_CB is : [0.9965153494360637, -0.05143333731958086, 0.06566407046848824, -0.06836670382191987;
 0.04855088872373137, 0.9978171337545624, 0.04476358776913886, -0.01505160632160035;
 -0.06782307529488937, -0.04141955332931285, 0.9968372239536122, 0.3050451055734808;
 0, 0, 0, 1]
[ INFO] [1487709538.785773860]: THE diffMat is : [0.9999461249744765, -0.000412837365241465, -0.01037191948671633, 0.003053910109561242;
 0.0006835836082452183, 0.9996587426830303, 0.02611380651748728, -0.008003181059583166;
 0.01035759923822131, -0.02611948970964213, 0.9996051682516093, 0.0008511342576102976;
 0, 0, 0, 1]

[ INFO] [1487709538.784941281]: The transformation between two markers: [-0.1030412577686244, -0.005489712585688408, -0.9946619336504171, 0.4728561255495127;
 0.01885265534010866, 0.9997943591353349, -0.007471066041198737, -0.1532281017317696;
 0.9944984045156067, -0.01952184665679493, -0.1029165726159865, 0.06771515471804668;


--------------------------------------Move the board__ test3----------------------------------------------------------------

[ INFO] [1487709922.806023958]: Left camera pose: [0.9960850459815491, -0.05659437586466635, 0.06790918783510812, -0.06555192831124193;
 0.05086874419757569, 0.9952279609312077, 0.08326870146983216, -0.04870806783318388;
 -0.07229766272637543, -0.0794882532277524, 0.9942105740551667, 0.3084662333284062;
 0, 0, 0, 1]
[ INFO] [1487709922.806048912]: Right camera pose: [0.997992530313326, -0.05075370555053579, 0.03788100858866431, -0.07139380008212882;
 0.0464030876132927, 0.9930654315161473, 0.1080176012860914, -0.03354710233547054;
 -0.0431006136703183, -0.1060429634654627, 0.9934270114108557, 0.3066553200572777;
 0, 0, 0, 1]
[ INFO] [1487709922.806066228]: g_bm:[0, -1, 0, -0.08;
 0, 0, 1, 0;
 -1, 0, 0, 0;
 0, 0, 0, 1]
[ INFO] [1487709922.806086315]: LEFT G_CM_l: [-0.06781631740542643, -0.9944482321429789, 0.0804590621451073, -0.03125731282540324;
 0.9972707639971015, -0.06992583224846156, -0.02369390767681993, 0.01879647036883576;
 0.02918853148419955, 0.07863263681235537, 0.9964762606593959, -0.17486362412706;
 0, 0, 0, 1]
[ INFO] [1487709922.806102868]: RIGHT G_CM_r: [-0.06527332612389306, -0.9966144001495584, 0.04999130235610713, -0.02216460398944978;
 0.9978650945980256, -0.06529942413160028, 0.00111274029077206, 0.02171346008921118;
 0.002155430258032151, 0.04995720791454616, 0.9987490332900379, -0.1769390253704651;
 0, 0, 0, 1]
[ INFO] [1487709922.806120590]: THE solvePnpCamBoard is : [0.9960850459815491, -0.05659437586466635, 0.06790918783510812, -0.06555192831124193;
 0.05086874419757569, 0.9952279609312077, 0.08326870146983216, -0.04870806783318388;
 -0.07229766272637543, -0.0794882532277524, 0.9942105740551667, 0.3084662333284062;
 0, 0, 0, 1]
[ INFO] [1487709922.806146730]: THE G_CB is : [0.9964780509897317, -0.05170889220518166, 0.0660127590895779, -0.06565202357007177;
 0.04850611296765586, 0.9976088030556249, 0.04923243921127454, -0.04876058483303567;
 -0.06840066447392712, -0.04585702272101561, 0.9966034730858054, 0.3066050170321759;
 0, 0, 0, 1]
[ INFO] [1487709922.806167638]: THE diffMat is : [0.999986190577245, 0.004724248452750933, -0.002302201417544836, 0.0008392599206104856;
 -0.00479949883827723, 0.9994151412079582, -0.03385764810464621, 0.01004832043485483;
 0.002140903013132606, 0.03386822996309901, 0.9994240138867264, 0.0001064523338513146;
 0, 0, 0, 1]



-!!!!!!!!!!!!!!!!!!!!!!!!!!!!!!!!!New test!!!!!!!!!!!!!!!!!!!!!!!!!!!!!!!!!!!!!!!!!
[ INFO] [1487711798.544574947]: Left camera pose: [0.9930970693314228, -0.05628036911996298, -0.1029112770159807, 0.01453971117330585;
 0.06399042993876844, 0.9952608729733298, 0.07321898390866306, -0.06336873241120221;
 0.09830277596075689, -0.07929889520091822, 0.9919920611871462, 0.3070049447917777;
 0, 0, 0, 1]
[ INFO] [1487711798.544611588]: Right camera pose: [0.9964169500457075, -0.06270488412602428, -0.05675701867039786, 0.009023602342119543;
 0.0690790840051602, 0.9905636591621531, 0.1183710999369946, -0.04833529072955391;
 0.04879899399186467, -0.1218676932333907, 0.9913460160465437, 0.3078791475407994;
 0, 0, 0, 1]
[ INFO] [1487711798.544634178]: g_bm:[0, -1, 0, -0.08;
 0, 0, 1, 0;
 -1, 0, 0, 0;
 0, 0, 0, 1]
[ INFO] [1487711798.544658585]: LEFT G_CM_l: [-0.06238939202197573, -0.9935507664998885, -0.09468071688898526, 0.05324812381306265;
 0.9977431374766095, -0.05972933847047347, -0.03067633850723475, 0.02134680874087;
 0.0248232830515836, -0.09638091363627746, 0.9950349361229369, -0.1750505748529533;
 0, 0, 0, 1]
[ INFO] [1487711798.544677647]: RIGHT G_CM_r: [-0.06395997176114236, -0.9967924946787744, -0.04810243823736349, 0.02497872516424658;
 0.9977937906950808, -0.06473498433391235, 0.01472864737947735, 0.01430562245367799;
 -0.01779531575035218, -0.04705427032006373, 0.9987338095718957, -0.1788180254456804;
 0, 0, 0, 1]
[ INFO] [1487711798.544698655]: THE solvePnpCamBoard is : [0.9930970693314228, -0.05628036911996298, -0.1029112770159807, 0.01453971117330585;
 0.06399042993876844, 0.9952608729733298, 0.07321898390866306, -0.06336873241120221;
 0.09830277596075689, -0.07929889520091822, 0.9919920611871462, 0.3070049447917777;
 0, 0, 0, 1]
[ INFO] [1487711798.544728617]: THE G_CB is : [0.9948039400275384, -0.07504644300603064, 0.06879790910942325, 0.01535952670594568;
 0.07197846777458217, 0.9963429708916656, 0.04604111783605089, -0.06284934902685199;
 -0.07200153527883474, -0.04084991734278456, 0.9965676410412784, 0.3049184642224042;
 0, 0, 0, 1]
[ INFO] [1487711798.544753716]: THE diffMat is : [0.9850804382317403, -0.005995543552549806, 0.171990068523365, -0.05214498983520835;
 0.01066890499828907, 0.999598191955684, -0.02626079025972196, 0.008400990984573115;
 -0.1717635138185633, 0.02770393647908356, 0.9847485908719358, 0.006848732666498658;
 0, 0, 0, 1]
[ INFO] [1487711799.744932736]: marker poses 0is:[0.3679312399527961, 0.04063763469008119, 0.9289645769961271, -0.2679400146007538;
 0.2181883006623911, -0.9749246936026519, -0.04376879319598931, 0.1656100004911423;
 0.9038918453669421, 0.2187931087821798, -0.3675719078337915, -0.8946800231933594;
 0, 0, 0, 1]
[ INFO] [1487711799.744975720]: marker poses 1is:[-0.962320129883188, 0.03758187784796226, 0.269309431841933, 0.1605499982833862;
 0.02301338390815049, -0.9755931854400011, 0.2183765570846093, 0.05375000089406967;
 0.2709434475729207, 0.2163458781221689, 0.9379680747428712, -1.120010018348694;
 0, 0, 0, 1]
 !!!!!!!!!!!!!!!!!!!!!!!!!!!!!!Move the board linearly!!!!!!!!!!!!!!!!!!!!!!!!!!!!!!!!!!!!

 [ INFO] [1487711849.675315466]: Left camera pose: [0.9938413375769263, -0.07382681261476517, 0.08263774841106453, -0.07799500460992674;
 0.06563389434729891, 0.9930380399887505, 0.09781432946203905, -0.06909308996777171;
 -0.08928374788343987, -0.09178808677843256, 0.9917677951463444, 0.3153619469426226;
 0, 0, 0, 1]
[ INFO] [1487711849.675348857]: Right camera pose: [0.996204588816103, -0.06655223302732791, 0.0561000668521478, -0.08411088590183895;
 0.05954341350004635, 0.9911688213693325, 0.1184860728275303, -0.05352083907792878;
 -0.06349014986989482, -0.114695979983627, 0.9913696752700749, 0.3133211203996984;
 0, 0, 0, 1]
[ INFO] [1487711849.675367322]: g_bm:[0, -1, 0, -0.08;
 0, 0, 1, 0;
 -1, 0, 0, 0;
 0, 0, 0, 1]
[ INFO] [1487711849.675389204]: LEFT G_CM_l: [-0.06664604562307441, -0.9928433789560089, 0.09909757548003759, -0.04068432633877957;
 0.9977126352354655, -0.06743756342336366, -0.00465537657159934, 0.008946756173894371;
 0.0113049588371959, 0.09856064073825031, 0.9950668309229059, -0.1752511579824356;
 0, 0, 0, 1]
[ INFO] [1487711849.675414381]: RIGHT G_CM_r: [-0.06215576294379538, -0.9954679505969355, 0.07197374845880571, -0.0330974861463027;
 0.9979994327301231, -0.06115403160420892, 0.01604109375648771, 0.01393449408323684;
 -0.01156690983918099, 0.0728268065542361, 0.9972775254882085, -0.1776278933446742;
 0, 0, 0, 1]
[ INFO] [1487711849.675431128]: THE solvePnpCamBoard is : [0.9938413375769263, -0.07382681261476517, 0.08263774841106453, -0.07799500460992674;
 0.06563389434729891, 0.9930380399887505, 0.09781432946203905, -0.06909308996777171;
 -0.08928374788343987, -0.09178808677843256, 0.9917677951463444, 0.3153619469426226;
 0, 0, 0, 1]
[ INFO] [1487711849.675506264]: THE G_CB is : [0.9957410853392369, -0.06819139815738023, 0.06204533975070523, -0.07787435277886536;
 0.06547735755727629, 0.9968490266000007, 0.04477425391837564, -0.06881807633212504;
 -0.06490305551170451, -0.04052099929631861, 0.9970685242255281, 0.310811338016784;
 0, 0, 0, 1]
[ INFO] [1487711849.675541147]: THE diffMat is : [0.999770292883949, 0.003706636126082481, -0.0211097682453362, 0.007016056380180033;
 -0.004820038145683348, 0.9985861011318022, -0.05293926575482462, 0.01649641401470275;
 0.02088369457297103, 0.053028855116951, 0.9983745849259026, 0.001254736448493221;
 0, 0, 0, 1]
[ INFO] [1487711850.875709973]: marker poses 0is:[0.3687065505989972, 0.04097678092814176, 0.9286422254938419, -0.2678599953651428;
 0.2189086134147762, -0.9747571507942269, -0.04390348446696522, 0.1656499952077866;
 0.9034016263646022, 0.2194752842583604, -0.368369517036227, -0.8946499824523926;
 0, 0, 0, 1]
[ INFO] [1487711850.875751931]: marker poses 1is:[-0.9623464943264519, 0.03287072004549555, 0.2698309482273649, 0.1632400006055832;
 0.029700005088374, -0.9740035752710536, 0.224577258548045, -0.03709999844431877;
 0.2701983244865496, 0.2241351180045099, 0.9363526655709191, -1.098090052604675;
 0, 0, 0, 1]
[ INFO] [1487711850.875780075]: The transformation between two markers: [-0.1042242636896963, -0.009082299740679568, -0.9945123501946874, 0.4758584117582839;
 0.001385907810755233, 0.9999560049251779, -0.009277255715863714, -0.1660517218520743;
 0.9945528553666115, -0.00234521758007436, -0.1042070911052673, 0.119700569022454;
 0, 0, 0, 1]
[ INFO] [1487711850.875843685]: ----- get LEFT corner -----
[ INFO] [1487711850.875865476]: ----- get RIGHT corner -----
[ INFO] [1487711850.876414804]: Left camera pose: [0.9936106981755363, -0.07445580253146553, 0.08481812271277216, -0.07791446416263878;
 0.0661427186519746, 0.9930911463187038, 0.0969284059124505, -0.0690756807205747;
 -0.09144900896373452, -0.0906989998445322, 0.9916706964445166, 0.3150764786929215;
 0, 0, 0, 1]
[ INFO] [1487711850.876436461]: Right camera pose: [0.9963388121591539, -0.06635820683868122, 0.05390324452610535, -0.08415985543137126;
 0.05951577354256275, 0.9910001662063552, 0.1199022238267782, -0.05353281174428649;
 -0.06137462085354738, -0.1162551459683881, 0.9913212884584655, 0.3135003249096877;
 0, 0, 0, 1]
[ INFO] [1487711850.876453115]: g_bm:[0, -1, 0, -0.08;
 0, 0, 1, 0;
 -1, 0, 0, 0;
 0, 0, 0, 1]
[ INFO] [1487711850.876473621]: LEFT G_CM_l: [-0.06658717744645208, -0.9926220255275715, 0.101329473684885, -0.04168637182645099;
 0.9976922592370051, -0.06758849067719826, -0.006477019880974919, 0.009365392121154004;
 0.01327793878111137, 0.1006643450558309, 0.9948318380390756, -0.1755444304785506;
 0, 0, 0, 1]
[ INFO] [1487711850.876490187]: RIGHT G_CM_r: [-0.0617595518591296, -0.9956497883015232, 0.06976572804243694, -0.03201661254373636;
 0.9980162825870046, -0.06074827821692756, 0.01652714085661972, 0.01315542504615941;
 -0.01221709643799494, 0.07064804136570639, 0.9974264869181155, -0.1774254478850038;
 0, 0, 0, 1]
[ INFO] [1487711850.876507597]: THE solvePnpCamBoard is : [0.9936106981755363, -0.07445580253146553, 0.08481812271277216, -0.07791446416263878;
 0.0661427186519746, 0.9930911463187038, 0.0969284059124505, -0.0690756807205747;
 -0.09144900896373452, -0.0906989998445322, 0.9916706964445166, 0.3150764786929215;
 0, 0, 0, 1]
[ INFO] [1487711850.876533904]: THE G_CB is : [0.9957137590115297, -0.06862732073894429, 0.06200323349086946, -0.07788964465890851;
 0.06585475068268687, 0.9967818302925303, 0.04570705209477921, -0.06832789373834212;
 -0.06494044908722409, -0.04142793317156662, 0.9970288182522519, 0.31090496609836;
 0, 0, 0, 1]
[ INFO] [1487711850.876554735]: THE diffMat is : [0.9997205433824533, 0.003715904982467515, -0.02334581738242452, 0.007615442390336638;
 -0.004905419965799008, 0.9986813344196697, -0.05110312257296473, 0.016375888002003;
 0.02312513770880901, 0.05120336250589026, 0.9984204743864377, 0.001664848607310809;
 0, 0, 0, 1]

!!!!!!!!!!!!!!!!!!!!!!!!!!!!!!!!!!!!!!!!!!!!!!!!!!!!!!!!!!!



-----------------------------------02/23/2017 collect five data sets------------------------------------------
[ INFO] [1487866368.683170005]: Left camera pose: [0.9926921190330467, -0.06757091093355641, -0.09998264252003368, 0.007402903416282471;
 0.07504215934943029, 0.9945082624459251, 0.07295197219377812, -0.0497138879267769;
 0.09450413287181768, -0.07992176125684701, 0.9923111815089808, 0.2761199071564519;
 0, 0, 0, 1]
[ INFO] [1487866368.683207529]: Right camera pose: [0.9962983332470052, -0.07292252660567193, -0.04551852680705282, 0.002989585891976142;
 0.07825187023969239, 0.9885429183417758, 0.1290718536332205, -0.0356030485389244;
 0.03558477164785044, -0.1321559824970865, 0.9905899859765392, 0.2784033459534788;
 0, 0, 0, 1]
[ INFO] [1487866368.683226867]: g_bm:[0, -1, 0, -0.08;
 0, 0, 1, 0;
 -1, 0, 0, 0;
 0, 0, 0, 1]
[ INFO] [1487866368.683269126]: LEFT G_CM_l: [-0.1092389455658662, -0.9898471968090248, -0.09093613000877832, 0.04904459108353738;
 0.9938255500779771, -0.1069715973529918, -0.02945935118015121, 0.02222278331881752;
 0.01943267310134704, -0.09359275788791081, 0.9954208993622099, -0.1755482884552029;
 0, 0, 0, 1]
[ INFO] [1487866368.683288257]: RIGHT G_CM_r: [-0.1090811562152156, -0.9933733028859237, -0.03620472997085461, 0.01973339344413021;
 0.9935559296200266, -0.1100845832709492, 0.02698146109731607, 0.01062949067805535;
 -0.03078824573820761, -0.03302825516996341, 0.9989800890332056, -0.1782094779739367;
 0, 0, 0, 1]
[ INFO] [1487866368.683309530]: THE solvePnpCamBoard is : [0.9926921190330467, -0.06757091093355641, -0.09998264252003368, 0.007402903416282471;
 0.07504215934943029, 0.9945082624459251, 0.07295197219377812, -0.0497138879267769;
 0.09450413287181768, -0.07992176125684701, 0.9923111815089808, 0.2761199071564519;
 0, 0, 0, 1]
[ INFO] [1487866368.683342268]: THE G_CB is : [0.9965813813979745, -0.03896385818545295, 0.07285168499224448, 0.002693659678530358;
 0.03574964261270581, 0.9983509173374543, 0.04491557529997284, -0.04981139281625362;
 -0.07448163064789273, -0.04215760437652602, 0.9963308803250369, 0.276104600409869;
 0, 0, 0, 1]
[ INFO] [1487866368.683367959]: THE diffMat is : [0.9846474027023514, 0.04135041402316202, 0.1695866610663315, -0.04936615320290337;
 -0.03646187034476127, 0.9988276462905461, -0.03184124709633543, 0.008906138746126016;
 -0.1707044942656036, 0.02516895440420839, 0.9850007611021036, 0.00664123716758025;
 0, 0, 0, 1]
----------------------------------------------------test five data sets------------------------------------
[ INFO] [1487867027.211635118]: Left camera pose: [0.9454254577790441, -0.1617878106888005, -0.2828345949416546, 0.008247197722997108;
 0.1723615534958488, 0.9849514290815572, 0.01273488228041044, -0.05771300409829155;
 0.2765179897579589, -0.06078969207623203, 0.9590841541165688, 0.2415285428411668;
 0, 0, 0, 1]
[ INFO] [1487867027.211675967]: Right camera pose: [0.9488820899299677, -0.1678269208176902, -0.2673142421551634, 0.004924857512978214;
 0.186165405009298, 0.9815049658574526, 0.04461439201518709, -0.04545457068182233;
 0.2548827600836522, -0.09209846169189516, 0.9625760499649499, 0.2417448752045085;
 0, 0, 0, 1]
[ INFO] [1487867027.211711668]: g_bm:[0, -1, 0, -0.08;
 0, 0, 1, 0;
 -1, 0, 0, 0;
 0, 0, 0, 1]
[ INFO] [1487867027.211736448]: LEFT G_CM_l: [-0.09574815842202428, -0.9943683933961575, -0.04542893762279877, 0.02684406167307027;
 0.995216353363684, -0.09652008422093088, 0.01510904826506621, 0.003392533219352442;
 -0.01940876493449882, -0.0437649580912586, 0.9988533066907211, -0.1766275328505647;
 0, 0, 0, 1]
[ INFO] [1487867027.211773463]: RIGHT G_CM_r: [-0.1011790218610482, -0.9944363708754342, -0.02931057514512166, 0.01642646239015558;
 0.9934987033976765, -0.1025412311161192, 0.0494532331433104, 0.001230225857929555;
 -0.05218363615519261, -0.02411638864521211, 0.9983462665409911, -0.1785198943573188;
 0, 0, 0, 1]
[ INFO] [1487867027.211795348]: THE solvePnpCamBoard is : [0.9454254577790441, -0.1617878106888005, -0.2828345949416546, 0.008247197722997108;
 0.1723615534958488, 0.9849514290815572, 0.01273488228041044, -0.05771300409829155;
 0.2765179897579589, -0.06078969207623203, 0.9590841541165688, 0.2415285428411668;
 0, 0, 0, 1]
[ INFO] [1487867027.211845486]: THE G_CB is : [0.9292914819486862, -0.173175852194884, -0.3262322267866717, 0.01237742483196104;
 0.1718704798850479, 0.9845646812496514, -0.03305944010196493, -0.05746468969508573;
 0.3269218250923269, -0.02534783328704426, 0.9447113885340611, 0.2382628511257685;
 0, 0, 0, 1]
[ INFO] [1487867027.211888280]: THE diffMat is : [0.9988633264424027, -0.01455020862683687, -0.04539104005564842, 0.01426309699311411;
 0.01255051621336475, 0.998951244655181, -0.04403288935151107, 0.01071948059511168;
 0.04598412368629001, 0.04341315734636068, 0.9979983758193316, -0.0006559787760350433;
 0, 0, 0, 1]

 -----------------------------------02/23/2017 collect 20 data sets------------------------------------------
[ INFO] [1487868915.806099389]: Left camera pose: [0.9932616405034953, -0.1157519208689414, 0.005727680111131225, -0.03484253382974129;
 0.1154755618112452, 0.984276296709072, -0.133662135105841, -0.04934760461659381;
 0.009834029117426651, 0.1334228786671355, 0.9910104072710298, 0.2578173042693198;
 0, 0, 0, 1]
[ INFO] [1487868915.806132855]: Right camera pose: [0.9932443535120591, -0.115938598565631, 0.004888310449351375, -0.03873722589337323;
 0.1152273162984265, 0.9804173323710513, -0.1597013461593043, -0.03575499295230632;
 0.01372296597219985, 0.1591857272153161, 0.9871532730310206, 0.2534561738996571;
 0, 0, 0, 1]
[ INFO] [1487868915.806183783]: g_bm:[0, -1, 0, -0.08;
 0, 0, 1, 0;
 -1, 0, 0, 0;
 0, 0, 0, 1]
[ INFO] [1487868915.806236148]: LEFT G_CM_l: [-0.1305665256354744, -0.9911878677654106, 0.02233815520897144, 0.005393764214469049;
 0.963610715688579, -0.1321702221005648, -0.2323476296415161, 0.1282390886015186;
 0.2332525905400079, -0.008811537013851253, 0.9723762573314039, -0.1697847968650609;
 0, 0, 0, 1]
[ INFO] [1487868915.806281070]: RIGHT G_CM_r: [-0.1308372221620402, -0.9911702298781666, 0.02152200502238231, 0.001852409082441803;
 0.9571303948219761, -0.1319430007409599, -0.2578613035400977, 0.1530277502861989;
 0.2584241254311371, -0.01313849149383573, 0.9659422091597497, -0.1692885570797584;
 0, 0, 0, 1]
[ INFO] [1487868915.806311125]: THE solvePnpCamBoard is : [0.9932616405034953, -0.1157519208689414, 0.005727680111131225, -0.03484253382974129;
 0.1154755618112452, 0.984276296709072, -0.133662135105841, -0.04934760461659381;
 0.009834029117426651, 0.1334228786671355, 0.9910104072710298, 0.2578173042693198;
 0, 0, 0, 1]
[ INFO] [1487868915.806377766]: THE G_CB is : [0.9900066325020364, -0.08599318805047929, -0.1117677914736333, -0.04343890522678277;
 0.09104592365364639, 0.9950060714227705, 0.04090913856194289, -0.06355861628716915;
 0.1076917238604389, -0.05067632031571295, 0.9928919393223146, 0.2687889077000103;
 0, 0, 0, 1]
[ INFO] [1487868915.806429530]: THE diffMat is : [0.9926493184505121, 0.04461963705292928, -0.1125007491930576, 0.02235402432505566;
 -0.0245071260947632, 0.9844064675620455, 0.1741933046721144, -0.0607444537462549;
 0.1185189071427414, -0.1701557951151867, 0.9782639081752987, 0.01230826216130398;
 0, 0, 0, 1]
[ INFO] [1487868917.006637907]: marker poses 0is:[0.3633979136256857, -0.003665120785346039, 0.9316268154481853, -0.1647299975156784;
 0.0485642714373268, -0.9985581564755666, -0.02287180963280953, 0.03754999861121178;
 0.9303673833020265, 0.05355534544512489, -0.3626959567764622, -0.6323599815368652;
 0, 0, 0, 1]
[ INFO] [1487868917.006680278]: marker poses 1is:[-0.9637792414730736, -0.00604053310143832, 0.2666328668139717, 0.2361499965190887;
 0.0209862168537837, -0.9983612152420945, 0.05323967132218217, -0.1133499965071678;
 0.265874316938949, 0.05690690520647252, 0.9623265826797412, -0.8494099974632263;
 0, 0, 0, 1]
[ INFO] [1487868917.006718338]: The transformation between two markers: [-0.1018553926776275, -0.003184599793850679, -0.9947941180498804, 0.4472346613193567;
 0.002264526312996201, 0.9999915428388226, -0.003433099388153744, -0.1358795289513554;
 0.9947966379632893, -0.00260241714261953, -0.1018473196601257, 0.110019084181762;
 0, 0, 0, 1]


 -----------------------------------test 20 data sets------------------------------------------
[ INFO] [1487869135.028061653]: Left camera pose: [0.9861468962912766, -0.1612977617038535, 0.03869536153609231, -0.03562950841647656;
 0.1650164206536508, 0.9776742712227097, -0.1300868952039402, -0.05001916658951557;
 -0.01684873436609897, 0.1346701580101192, 0.9907472274459264, 0.2571423822459264;
 0, 0, 0, 1]
[ INFO] [1487869135.028098337]: Right camera pose: [0.9863763562977493, -0.1599526871616329, 0.03842943671911413, -0.03954260373333165;
 0.163949915167772, 0.9750153366047343, -0.1498850182707966, -0.03654114447056791;
 -0.01349477874053307, 0.154143541075614, 0.9879563045456082, 0.2528879099122076;
 0, 0, 0, 1]
[ INFO] [1487869135.028132959]: g_bm:[0, -1, 0, -0.08;
 0, 0, 1, 0;
 -1, 0, 0, 0;
 0, 0, 0, 1]
[ INFO] [1487869135.028171569]: LEFT G_CM_l: [-0.09658248361055602, -0.9944183129826969, -0.04247402340564785, 0.05439576328908086;
 0.9429420913223059, -0.1050774987519995, 0.3159413421329011, -0.1105801892171925;
 -0.3186409205866879, -0.009536144958546204, 0.9478275294941574, -0.1181627900452578;
 0, 0, 0, 1]
[ INFO] [1487869135.028203880]: RIGHT G_CM_r: [-0.09524659217689554, -0.9945623254900643, -0.04211730516644548, 0.05043089956586415;
 0.9492460632530924, -0.1034849862169057, 0.2970231792742646, -0.08972585817367673;
 -0.2997665726481078, -0.01168924050065667, 0.9539409644099182, -0.1235457685602064;
 0, 0, 0, 1]
[ INFO] [1487869135.028238282]: THE solvePnpCamBoard is : [0.9861468962912766, -0.1612977617038535, 0.03869536153609231, -0.03562950841647656;
 0.1650164206536508, 0.9776742712227097, -0.1300868952039402, -0.05001916658951557;
 -0.01684873436609897, 0.1346701580101192, 0.9907472274459264, 0.2571423822459264;
 0, 0, 0, 1]
[ INFO] [1487869135.028285313]: THE G_CB is : [0.9803191707292551, -0.1627796947740121, 0.1117009152602847, -0.05800331400273649;
 0.1965446760700875, 0.7515341256531983, -0.6297353795739818, -0.02209482720979093;
 0.01856108319064934, 0.6392958852894034, 0.768736793215225, 0.1851894044316593;
 0, 0, 0, 1]
[ INFO] [1487869135.028324767]: THE diffMat is : [0.9973170153072868, -0.01190758406378939, 0.07222866757963263, -0.04163805809079142;
 0.04823331179248415, 0.8491089978694583, -0.5260108909239936, 0.1573551199752609;
 -0.05506649264384188, 0.5280834395991679, 0.8474051936405733, -0.0082620843132927;
 0, 0, 0, 1]
[ INFO] [1487869136.228534106]: marker poses 0is:[0.3633941299438777, -0.003497692038967878, 0.9316289349696759, -0.1647199988365173;
 0.04872686381756572, -0.9985528928102391, -0.02275550489019415, 0.03754999861121178;
 0.9303603597879891, 0.05366457314377694, -0.3626978281220604, -0.6323500275611877;
 0, 0, 0, 1]
[ INFO] [1487869136.228587438]: marker poses 1is:[-0.7437241716242459, 0.002807734279179835, 0.6684807201184241, 0.1757899969816208;
 0.05042875980895459, -0.996906112777271, 0.06029214286656083, -0.1226300001144409;
 0.6665818004761007, 0.07855137768065264, 0.7412815823548511, -0.8301600217819214;
 0, 0, 0, 1]
[ INFO] [1487869136.228616452]: The transformation between two markers: [0.3523535207651459, -0.01198263808582598, -0.9357902611103143, 0.3931797353513785;
 0.02552529376011343, 0.9996690883372064, -0.0031895456602106, -0.14510223389688;
 0.9355188163702881, -0.02276247366967764, 0.3525427832328604, -0.07133386632294858;
 0, 0, 0, 1]

