------------------------------------first----------------------------------
[ INFO] [1486606241.834500897]: world_frame [0.01563057821080809, 0.9981118044533593, -0.05940126964682624, 0.06843452047507745;
 -0.9899443201146921, 0.02380130510260945, 0.139440815215893, -0.05423297907537276;
 0.1405913514319289, 0.05662440892646602, 0.9884471398189547, -0.2352087649836281;
 0, 0, 0, 1]
[ INFO] [1486606241.834537652]: LEFT Camera Pose: [0.01563057821080809, -0.9899443201146919, 0.1405913514319289, -0.02168898258548582;
 0.9981118044533591, 0.02380130510260944, 0.05662440892646603, -0.05369592974516153;
 -0.05940126964682622, 0.139440815215893, 0.9884471398189547, 0.2441188192261637;
 0, 0, 0, 1]
[ INFO] [1486606241.834557651]: calibrator.g_bm: [0, -1, 0, -0.1;
 0, 0, 1, 0;
 -1, 0, 0, 0;
 0, 0, 0, 1]
[ INFO] [1486606241.834576590]: calibrator.g_mm: [-0.1073417394848227, -0.002914124777804367, -0.9942179131564428, 0.4127796392881713;
 -0.993783994158107, -0.02937171671626762, 0.1073809816135918, -0.210639700128248;
 -0.02951480847865487, 0.9995643101541386, 0.0002568006028181857, -0.02639915849643359;
 0, 0, 0, 1]
[ INFO] [1486606241.834599527]: LEFT G_CM_l: [0.05984275567728015, -0.9886442137703777, 0.1378457948988699, -0.05185917042116708;
 0.997283207235836, 0.05327220288030589, -0.05087511145622876, 0.03273312347662433;
 0.0429540354140741, 0.1405158033056479, 0.9891462277454306, -0.1741452934464474;
 0, 0, 0, 1]
[ INFO] [1486606241.834618631]: THE solvePnpCamBoard is : [0.01563057821080809, -0.9899443201146919, 0.1405913514319289, -0.02168898258548582;
 0.9981118044533591, 0.02380130510260944, 0.05662440892646603, -0.05369592974516153;
 -0.05940126964682622, 0.139440815215893, 0.9884471398189547, 0.2441188192261637;
 0, 0, 0, 1]
[ INFO] [1486606241.834637068]: THE G_CT2 is : [0.05984275567728015, -0.9886442137703777, 0.1378457948988699, -0.05185917042116708;
 0.997283207235836, 0.05327220288030589, -0.05087511145622876, 0.03273312347662433;
 0.0429540354140741, 0.1405158033056479, 0.9891462277454306, -0.1741452934464474;
 0, 0, 0, 1]
[ INFO] [1486606241.834674793]: THE G_CB is : [0.01563057821080802, -0.9899443201146921, 0.1405913514319289, -0.02168898258548579;
 0.9981118044533591, 0.02380130510260944, 0.05662440892646604, -0.05369592974516153;
 -0.0594012696468262, 0.1394408152158931, 0.9884471398189549, 0.2441188192261638;
 0, 0, 0, 1]
[ INFO] [1486606241.834699428]: THE diffMat is : [-6.938893903907228e-17, -2.220446049250313e-16, 2.775557561562891e-17, 3.122502256758253e-17;
 0, 0, 6.938893903907228e-18, -6.938893903907228e-18;
 2.775557561562891e-17, 8.326672684688674e-17, 2.220446049250313e-16, 1.387778780781446e-16;
 0, 0, 0, 0]
[ INFO] [1486606241.834726673]: g_T2C[0.05984275567728015, 0.9972832072358362, 0.04295403541407403, -0.02206055559658125;
 -0.9886442137703774, 0.05327220288030583, 0.1405158033056478, -0.02854386856204634;
 0.1378457948988701, -0.05087511145622887, 0.9891462277454304, 0.18106902996686;
 0, 0, 0, 1]
-------------------------------------first end camera move left------------------------------------------

[ INFO] [1486606503.359471064]: world_frame [0.04243009337066585, 0.997102886751311, -0.06313097820213731, 0.06525598682190183;
 -0.9931241492235391, 0.04899243876511448, 0.1063210476475306, -0.02676786719861323;
 0.1091059641155264, 0.05818568703769567, 0.9923257098444908, -0.2377972771811556;
 0, 0, 0, 1]
[ INFO] [1486606503.359507587]: LEFT Camera Pose: [0.04243009337066584, -0.9931241492235389, 0.1091059641155264, -0.003407531761102611;
 0.9971028867513111, 0.04899243876511449, 0.05818568703769568, -0.04991911179484416;
 -0.06313097820213734, 0.1063210476475306, 0.992325709844491, 0.2429380138433364;
 0, 0, 0, 1]
[ INFO] [1486606503.359528371]: calibrator.g_bm: [0, -1, 0, -0.1;
 0, 0, 1, 0;
 -1, 0, 0, 0;
 0, 0, 0, 1]
[ INFO] [1486606503.359546415]: calibrator.g_mm: [-0.1057720779022088, -0.0004453496618045949, -0.9943903002342327, 0.4133825596796075;
 -0.9943812930360024, -0.004232408680569039, 0.1057730153527266, -0.2061050381927231;
 -0.004255772115200535, 0.9999909441492152, 4.823288116739821e-06, -0.005670448178685228;
 0, 0, 0, 1]
[ INFO] [1486606503.359569031]: LEFT G_CM_l: [0.05795856570678187, -0.9928869838397136, 0.1040011633727633, -0.03837652878270209;
 0.997446378185092, 0.05323805498625026, -0.04760705984119742, 0.03154777075645399;
 0.04173161040092987, 0.1064948206391115, 0.9934371272860645, -0.1745735309723333;
 0, 0, 0, 1]
[ INFO] [1486606503.359588173]: THE solvePnpCamBoard is : [0.04243009337066584, -0.9931241492235389, 0.1091059641155264, -0.003407531761102611;
 0.9971028867513111, 0.04899243876511449, 0.05818568703769568, -0.04991911179484416;
 -0.06313097820213734, 0.1063210476475306, 0.992325709844491, 0.2429380138433364;
 0, 0, 0, 1]
[ INFO] [1486606503.359607153]: THE G_CT2 is : [0.05795856570678187, -0.9928869838397136, 0.1040011633727633, -0.03837652878270209;
 0.997446378185092, 0.05323805498625026, -0.04760705984119742, 0.03154777075645399;
 0.04173161040092987, 0.1064948206391115, 0.9934371272860645, -0.1745735309723333;
 0, 0, 0, 1]
[ INFO] [1486606503.359633533]: THE G_CB is : [0.04243009337066581, -0.9931241492235388, 0.1091059641155265, -0.003407531761102514;
 0.9971028867513113, 0.04899243876511453, 0.05818568703769565, -0.04991911179484428;
 -0.06313097820213733, 0.1063210476475306, 0.9923257098444911, 0.2429380138433364;
 0, 0, 0, 1]
[ INFO] [1486606503.359656244]: THE diffMat is : [-3.469446951953614e-17, 1.110223024625157e-16, 8.326672684688674e-17, 9.75781955236954e-17;
 2.220446049250313e-16, 3.469446951953614e-17, -2.775557561562891e-17, -1.179611963664229e-16;
 1.387778780781446e-17, -1.387778780781446e-17, 1.110223024625157e-16, -2.775557561562891e-17;
 0, 0, 0, 0]
[ INFO] [1486606503.359683382]: g_T2C[0.0579585657067818, 0.9974463781850921, 0.04173161040093014, -0.02195772653493596;
 -0.9928869838397143, 0.05323805498625036, 0.1064948206391118, -0.0211919209982857;
 0.1040011633727633, -0.0476070598411972, 0.9934371272860646, 0.1789209273592079;
 0, 0, 0, 1]
-------------------------------------data end camera move left------------------------------------------

[ INFO] [1486606710.631495152]: world_frame [0.06821180888530533, 0.9956050245927427, -0.06416996286642879, 0.06115470297949278;
 -0.9952425901720828, 0.07238975806678621, 0.06520666863592794, 0.001487357776205972;
 0.06956533501793931, 0.05941681523538962, 0.9958063598065265, -0.2401868408246779;
 0, 0, 0, 1]
[ INFO] [1486606710.631530053]: LEFT Camera Pose: [0.06821180888530533, -0.9952425901720828, 0.06956533501793929, 0.01401748694249822;
 0.9956050245927427, 0.07238975806678623, 0.05941681523538962, -0.04672246189018626;
 -0.06416996286642879, 0.06520666863592794, 0.9958063598065265, 0.2430068930086975;
 0, 0, 0, 1]
[ INFO] [1486606710.631550504]: calibrator.g_bm: [0, -1, 0, -0.1;
 0, 0, 1, 0;
 -1, 0, 0, 0;
 0, 0, 0, 1]
[ INFO] [1486606710.631570129]: calibrator.g_mm: [-0.1048717608011266, -0.002063285353500588, -0.9944836130575613, 0.4141179536719374;
 -0.9943258505159183, 0.0181494125765424, 0.1048174690541685, -0.2012017384210211;
 0.01783302504530151, 0.9998331569200318, -0.003954938818385045, 0.01456682862207903;
 0, 0, 0, 1]
[ INFO] [1486606710.631594087]: LEFT G_CM_l: [0.05737201802247256, -0.9961710119582208, 0.06596792009881726, -0.02238514185002899;
 0.9974778872596594, 0.05443062782660671, -0.04555404682799248, 0.03048341664007231;
 0.04178894562003913, 0.06841506916269403, 0.9967813513180456, -0.174918656397341;
 0, 0, 0, 1]
[ INFO] [1486606710.631613801]: THE solvePnpCamBoard is : [0.06821180888530533, -0.9952425901720828, 0.06956533501793929, 0.01401748694249822;
 0.9956050245927427, 0.07238975806678623, 0.05941681523538962, -0.04672246189018626;
 -0.06416996286642879, 0.06520666863592794, 0.9958063598065265, 0.2430068930086975;
 0, 0, 0, 1]
[ INFO] [1486606710.631634348]: THE G_CT2 is : [0.05737201802247256, -0.9961710119582208, 0.06596792009881726, -0.02238514185002899;
 0.9974778872596594, 0.05443062782660671, -0.04555404682799248, 0.03048341664007231;
 0.04178894562003913, 0.06841506916269403, 0.9967813513180456, -0.174918656397341;
 0, 0, 0, 1]
[ INFO] [1486606710.631662672]: THE G_CB is : [0.06821180888530534, -0.9952425901720827, 0.06956533501793932, 0.01401748694249824;
 0.9956050245927426, 0.0723897580667861, 0.05941681523538964, -0.04672246189018621;
 -0.06416996286642876, 0.06520666863592811, 0.9958063598065268, 0.2430068930086973;
 0, 0, 0, 1]
[ INFO] [1486606710.631688537]: THE diffMat is : [1.387778780781446e-17, 1.110223024625157e-16, 2.775557561562891e-17, 1.734723475976807e-17;
 -1.110223024625157e-16, -1.249000902703301e-16, 2.081668171172169e-17, 4.85722573273506e-17;
 2.775557561562891e-17, 1.665334536937735e-16, 2.220446049250313e-16, -2.220446049250313e-16;
 0, 0, 0, 0]
[ INFO] [1486606710.631718527]: g_T2C[0.05737201802247226, 0.9974778872596599, 0.0417889456200394, -0.02181258704482095;
 -0.9961710119582204, 0.05443062782660692, 0.06841506916269442, -0.01199158894032103;
 0.06596792009881687, -0.04555404682799224, 0.9967813513180456, 0.177220998932541;
 0, 0, 0, 1]

 -------------------------------------data end camera move left------------------------------------------
[ INFO] [1486606837.715697721]: world_frame [0.0966624097619971, 0.9940902389380327, -0.04940622822204126, 0.05252679783497294;
 -0.9950700491364086, 0.09762546497888215, 0.01746040948324339, 0.03385839434764451;
 0.02218052863818286, 0.0474748926884697, 0.9986261356050867, -0.2421079806989417;
 0, 0, 0, 1]
[ INFO] [1486606837.715734090]: LEFT Camera Pose: [0.0966624097619971, -0.9950700491364085, 0.02218052863818286, 0.03398419027080628;
 0.9940902389380329, 0.09762546497888216, 0.0474748926884697, -0.0440277680993408;
 -0.04940622822204128, 0.01746040948324338, 0.9986261356050866, 0.2437793266963878;
 0, 0, 0, 1]
[ INFO] [1486606837.715752521]: calibrator.g_bm: [0, -1, 0, -0.1;
 0, 0, 1, 0;
 -1, 0, 0, 0;
 0, 0, 0, 1]
[ INFO] [1486606837.715771362]: calibrator.g_mm: [-0.103915106433562, -0.0005261097997783515, -0.9945860314037095, 0.41462688322585;
 -0.9936697728273622, 0.04297254153979971, 0.1037966436973211, -0.1966345633012279;
 0.04268528111796713, 0.9990761151594451, -0.004988275633056982, 0.03709721524080234;
 0, 0, 0, 1]
[ INFO] [1486606837.715795788]: LEFT G_CM_l: [0.05588056196388153, -0.9982928790280748, 0.01699089392698812, -0.002785851224239348;
 0.9968979508389936, 0.05484166321094883, -0.05645234795181371, 0.03597297412285244;
 0.05542416808231378, 0.02009277626646504, 0.9982607083995091, -0.1744045321372296;
 0, 0, 0, 1]
[ INFO] [1486606837.715816089]: THE solvePnpCamBoard is : [0.0966624097619971, -0.9950700491364085, 0.02218052863818286, 0.03398419027080628;
 0.9940902389380329, 0.09762546497888216, 0.0474748926884697, -0.0440277680993408;
 -0.04940622822204128, 0.01746040948324338, 0.9986261356050866, 0.2437793266963878;
 0, 0, 0, 1]
[ INFO] [1486606837.715834787]: THE G_CT2 is : [0.05588056196388153, -0.9982928790280748, 0.01699089392698812, -0.002785851224239348;
 0.9968979508389936, 0.05484166321094883, -0.05645234795181371, 0.03597297412285244;
 0.05542416808231378, 0.02009277626646504, 0.9982607083995091, -0.1744045321372296;
 0, 0, 0, 1]
[ INFO] [1486606837.715860796]: THE G_CB is : [0.09666240976199711, -0.9950700491364084, 0.02218052863818271, 0.03398419027080644;
 0.9940902389380328, 0.09762546497888216, 0.0474748926884698, -0.04402776809934072;
 -0.04940622822204131, 0.0174604094832434, 0.9986261356050868, 0.2437793266963879;
 0, 0, 0, 1]
[ INFO] [1486606837.715883431]: THE diffMat is : [1.387778780781446e-17, 1.110223024625157e-16, -1.561251128379126e-16, 1.595945597898663e-16;
 -1.110223024625157e-16, 0, 1.040834085586084e-16, 7.632783294297951e-17;
 -2.775557561562891e-17, 2.081668171172169e-17, 2.220446049250313e-16, 5.551115123125783e-17;
 0, 0, 0, 0]
[ INFO] [1486606837.715911000]: g_T2C[0.05588056196388151, 0.9968979508389935, 0.05542416808231383, -0.02603948315320639;
 -0.9982928790280748, 0.05484166321094891, 0.02009277626646504, -0.001249641926640371;
 0.0169908939269881, -0.05645234795181355, 0.9982607083995085, 0.176179284754088;
 0, 0, 0, 1]
 -------------------------------------data end camera move left------------------------------------------
 [ INFO] [1486606922.320112611]: world_frame [0.1174912408354067, 0.9928526067026721, -0.02096448641550867, 0.04127648220245237;
 -0.9928658767621011, 0.1170083536430118, -0.02294332014282456, 0.05838844785787166;
 -0.02032631516976733, 0.02351056233826561, 0.9995169305070116, -0.2422881872448296;
 0, 0, 0, 1]
[ INFO] [1486606922.320143802]: LEFT Camera Pose: [0.1174912408354067, -0.992865876762101, -0.02032631516976732, 0.04819744630804726;
 0.9928526067026717, 0.1170083536430118, 0.0235105623382656, -0.04211706757579674;
 -0.02096448641550866, -0.02294332014282455, 0.9995169305070111, 0.2443761103153191;
 0, 0, 0, 1]
[ INFO] [1486606922.320162483]: calibrator.g_bm: [0, -1, 0, -0.1;
 0, 0, 1, 0;
 -1, 0, 0, 0;
 0, 0, 0, 1]
[ INFO] [1486606922.320178958]: calibrator.g_mm: [-0.1057088704486396, -0.003071388774463779, -0.9943923779270779, 0.415093008152997;
 -0.9924937718511037, 0.06216799284635613, 0.1053150203068136, -0.1923083084893958;
 0.0614959148662888, 0.9980609737067424, -0.009620042531436168, 0.05254646056372825;
 0, 0, 0, 1]
[ INFO] [1486606922.320210608]: LEFT G_CM_l: [0.05340345752821466, -0.9983073083573848, -0.02303451332815066, 0.01530858768201728;
 0.9950808392612006, 0.05513002769503653, -0.08230919378519301, 0.04592078192418436;
 0.08343976305848502, -0.01852560732006039, 0.9963406083333981, -0.1736571656151367;
 0, 0, 0, 1]
[ INFO] [1486606922.320238491]: THE solvePnpCamBoard is : [0.1174912408354067, -0.992865876762101, -0.02032631516976732, 0.04819744630804726;
 0.9928526067026717, 0.1170083536430118, 0.0235105623382656, -0.04211706757579674;
 -0.02096448641550866, -0.02294332014282455, 0.9995169305070111, 0.2443761103153191;
 0, 0, 0, 1]
[ INFO] [1486606922.320256022]: THE G_CT2 is : [0.05340345752821466, -0.9983073083573848, -0.02303451332815066, 0.01530858768201728;
 0.9950808392612006, 0.05513002769503653, -0.08230919378519301, 0.04592078192418436;
 0.08343976305848502, -0.01852560732006039, 0.9963406083333981, -0.1736571656151367;
 0, 0, 0, 1]
[ INFO] [1486606922.320280116]: THE G_CB is : [0.1174912408354066, -0.992865876762101, -0.02032631516976724, 0.04819744630804722;
 0.9928526067026716, 0.1170083536430117, 0.02351056233826558, -0.0421170675757967;
 -0.02096448641550875, -0.02294332014282469, 0.9995169305070112, 0.2443761103153192;
 0, 0, 0, 1]
[ INFO] [1486606922.320322135]: THE diffMat is : [-2.775557561562891e-17, 0, 7.979727989493313e-17, -4.163336342344337e-17;
 -1.110223024625157e-16, -5.551115123125783e-17, -2.081668171172169e-17, 4.163336342344337e-17;
 -9.367506770274758e-17, -1.318389841742373e-16, 1.110223024625157e-16, 1.665334536937735e-16;
 0, 0, 0, 0]
 -------------------------------------data end camera move left------------------------------------------
 [ INFO] [1486607056.414820321]: world_frame [0.1363093432488876, 0.9906642007729116, -0.002050426790964453, 0.03183069615945854;
 -0.9893960385817197, 0.1360294884687664, -0.05090635624091051, 0.08016962697586898;
 -0.05015218621214519, 0.008967696130774482, 0.9987013260451038, -0.2419626548387171;
 0, 0, 0, 1]
[ INFO] [1486607056.414852437]: LEFT Camera Pose: [0.1363093432488876, -0.9893960385817193, -0.05015218621214517, 0.06284573393399187;
 0.9906642007729116, 0.1360294884687664, 0.008967696130774479, -0.04026911695552557;
 -0.002050426790964455, -0.0509063562409105, 0.9987013260451035, 0.2457948343435353;
 0, 0, 0, 1]
[ INFO] [1486607056.414869802]: calibrator.g_bm: [0, -1, 0, -0.1;
 0, 0, 1, 0;
 -1, 0, 0, 0;
 0, 0, 0, 1]
[ INFO] [1486607056.414886513]: calibrator.g_mm: [-0.1059202788708073, 0.002161474551807208, -0.9943722756350826, 0.4150153476571838;
 -0.9915018887995337, 0.0757283212141589, 0.105779137229621, -0.1886874910371131;
 0.07553078200898178, 0.9971261451761492, -0.005878058800712627, 0.06766437547570647;
 0, 0, 0, 1]
[ INFO] [1486607056.414908235]: LEFT G_CM_l: [0.05510898123205896, -0.99676673305937, -0.05847290016507332, 0.02880172953948357;
 0.9934697007477503, 0.06059783920867041, -0.09667396536511873, 0.05307302432743236;
 0.09990472403115218, -0.05276345088591322, 0.993597033191459, -0.1723079377011947;
 0, 0, 0, 1]
[ INFO] [1486607056.414927200]: THE solvePnpCamBoard is : [0.1363093432488876, -0.9893960385817193, -0.05015218621214517, 0.06284573393399187;
 0.9906642007729116, 0.1360294884687664, 0.008967696130774479, -0.04026911695552557;
 -0.002050426790964455, -0.0509063562409105, 0.9987013260451035, 0.2457948343435353;
 0, 0, 0, 1]
[ INFO] [1486607056.414944687]: THE G_CT2 is : [0.05510898123205896, -0.99676673305937, -0.05847290016507332, 0.02880172953948357;
 0.9934697007477503, 0.06059783920867041, -0.09667396536511873, 0.05307302432743236;
 0.09990472403115218, -0.05276345088591322, 0.993597033191459, -0.1723079377011947;
 0, 0, 0, 1]
[ INFO] [1486607056.414969798]: THE G_CB is : [0.1363093432488875, -0.9893960385817193, -0.05015218621214507, 0.06284573393399188;
 0.9906642007729118, 0.1360294884687663, 0.008967696130774472, -0.04026911695552568;
 -0.002050426790964427, -0.05090635624091061, 0.9987013260451034, 0.2457948343435353;
 0, 0, 0, 1]
[ INFO] [1486607056.415001904]: THE diffMat is : [-2.775557561562891e-17, 0, 1.040834085586084e-16, 1.387778780781446e-17;
 2.220446049250313e-16, -8.326672684688674e-17, -6.938893903907228e-18, -1.110223024625157e-16;
 2.775557561562891e-17, -1.110223024625157e-16, -1.110223024625157e-16, -5.551115123125783e-17;
 0, 0, 0, 0]
  -------------------------------------data end camera move left------------------------------------------
