 THE diffMat is : 
 [0.9846474027023514, 0.04135041402316202, 0.1695866610663315, -0.04936615320290337;
 -0.03646187034476127, 0.9988276462905461, -0.03184124709633543, 0.008906138746126016;
 -0.1707044942656036, 0.02516895440420839, 0.9850007611021036, 0.00664123716758025;
 0, 0, 0, 1]



THE diffMat is : 
[0.9988633264424027, -0.01455020862683687, -0.04539104005564842, 0.01426309699311411;
 0.01255051621336475, 0.998951244655181, -0.04403288935151107, 0.01071948059511168;
 0.04598412368629001, 0.04341315734636068, 0.9979983758193316, -0.0006559787760350433;
 0, 0, 0, 1]




--------------------------------------------------------------------------------------------------------------------




THE diffMat is :
 [0.9926493184505121, 0.04461963705292928, -0.1125007491930576, 0.02235402432505566;
 -0.0245071260947632, 0.9844064675620455, 0.1741933046721144, -0.0607444537462549;
 0.1185189071427414, -0.1701557951151867, 0.9782639081752987, 0.01230826216130398;
 0, 0, 0, 1]






 THE diffMat is : 
 [0.9973170153072868, -0.01190758406378939, 0.07222866757963263, -0.04163805809079142;
 0.04823331179248415, 0.8491089978694583, -0.5260108909239936, 0.1573551199752609;
 -0.05506649264384188, 0.5280834395991679, 0.8474051936405733, -0.0082620843132927;
 0, 0, 0, 1]